  -5.790900e-03
  -1.978542e-03
  -4.999681e-03
   5.969738e-03
  -7.702897e-03
   8.375588e-04
   1.293753e-02
   1.191671e-02
   3.219337e-02
   2.484474e-02
   1.899671e-02
   2.575281e-02
   1.336764e-02
   1.078025e-02
   5.559489e-02
   4.558127e-03
   4.602827e-02
   7.277968e-03
   1.592868e-02
   1.363632e-02
   2.587328e-02
   3.187410e-02
   1.488966e-02
   1.015502e-02
   3.151887e-03
   1.039905e-02
   2.532266e-03
   1.923756e-02
   1.031332e-02
   4.148891e-03
   1.370627e-02
   1.370627e-02
  -9.603258e-03
   1.034157e-02
   3.111455e-03
   1.101236e-02
   3.889713e-03
   2.860898e-02
   2.124936e-02
   8.218020e-03
   2.526350e-02
   7.312565e-03
   4.335619e-03
   2.126117e-02
   9.771001e-03
   4.176873e-02
   3.226669e-02
  -1.402521e-02
   2.870333e-02
   1.814343e-02
   2.687176e-02
   2.191688e-02
   2.524255e-02
   2.309370e-02
   2.639870e-03
   4.812053e-03
  -1.109841e-02
   1.600951e-02
   1.666974e-02
  -2.776409e-03
   7.553520e-03
  -3.780075e-03
   1.829477e-02
   1.120857e-02
   2.803885e-02
  -3.070616e-03
  -3.908433e-03
   1.921812e-02
   2.485189e-02
   2.956460e-02
   3.523292e-02
   2.636536e-02
   6.370212e-02
   2.625507e-02
   7.750508e-03
   3.660620e-02
   5.712235e-03
   4.315752e-02
   4.572837e-02
   4.055488e-02
  -1.203052e-02
  -7.375919e-03
   4.194048e-02
   3.390194e-02
   3.214307e-02
   3.366884e-02
   1.131621e-02
  -4.821952e-03
   1.063549e-02
   4.806764e-02
   8.712202e-03
  -8.086751e-03
   2.368436e-02
  -6.150297e-03
   1.921050e-02
   1.624675e-03
   1.603804e-02
   2.062243e-02
   4.251930e-03
  -3.958208e-03
   6.378665e-03
   2.014196e-02
   1.990987e-02
  -1.691618e-03
   3.719353e-04
   2.705378e-02
   4.176988e-02
  -4.228423e-03
   3.601427e-03
   3.500140e-02
   3.653751e-02
   1.991057e-02
   3.270400e-02
   2.131339e-02
   2.154681e-02
   3.960732e-02
   2.552899e-02
  -3.406165e-03
   1.238951e-02
   2.884047e-02
   1.039466e-02
   2.369470e-02
   1.694557e-02
   2.285725e-02
   4.835376e-03
   7.429031e-03
   9.071925e-03
   2.410012e-02
   6.881408e-05
   2.111463e-02
   8.755283e-03
   8.992876e-04
   2.746452e-02
   2.448262e-02
   2.595621e-02
   2.870245e-02
   2.406971e-02
   3.981826e-02
   2.506839e-03
   1.265064e-02
   2.982221e-02
   5.670915e-02
   1.673177e-02
  -6.523961e-03
   2.222141e-02
   3.465327e-02
   6.042500e-02
   2.151202e-02
   3.884091e-02
   2.482052e-02
   1.280751e-02
   1.549012e-02
   9.217951e-03
   1.338554e-02
   1.251813e-02
  -7.945134e-03
   9.847797e-03
   2.195912e-02
   2.970035e-02
   1.943352e-02
   1.565163e-02
   9.105489e-03
   1.043590e-02
   1.344694e-02
   1.760318e-02
   7.880064e-04
   2.245777e-02
  -1.144792e-02
   6.034415e-03
  -3.183889e-03
  -1.341402e-02
   3.967350e-02
   4.632761e-02
   3.065131e-02
  -1.979561e-02
   3.537078e-02
   1.586034e-02
   1.668515e-02
   3.042611e-03
   1.513976e-02
   2.877686e-02
   5.103982e-02
   1.529741e-02
   2.602242e-02
   1.363723e-02
   6.088962e-03
   3.345153e-02
  -8.787940e-03
   8.418678e-03
   4.180683e-02
   9.999021e-03
   3.434056e-02
   2.298517e-02
   7.434730e-03
   8.212437e-03
   1.127553e-02
   2.871326e-02
   9.645930e-03
   1.892794e-02
   6.638948e-03
   1.469977e-02
   4.863179e-02
   1.627320e-02
   3.423645e-02
   9.586592e-03
   6.733860e-03
   1.920696e-02
   1.485552e-02
  -1.001119e-02
   1.318440e-02
   2.821347e-02
   2.561128e-02
   1.008694e-02
   4.305968e-02
   1.349616e-02
  -1.786860e-02
   1.321959e-02
   9.527650e-03
  -6.113717e-03
   6.794408e-02
   1.891255e-02
   2.596845e-02
   1.065048e-03
   5.183399e-02
   9.830263e-03
  -9.786465e-03
   3.703582e-03
   4.710929e-03
  -7.453759e-03
   1.427494e-02
   3.696910e-02
   3.886404e-02
   2.753645e-02
   2.904555e-02
  -4.361399e-03
   2.054037e-02
   4.339923e-03
   1.069894e-02
  -1.138566e-02
  -4.057311e-03
  -1.564179e-02
   2.060006e-02
   7.101558e-02
   1.883037e-02
  -2.786024e-02
  -5.515103e-03
  -1.628350e-03
  -1.718040e-03
  -1.015639e-02
  -1.306307e-02
   2.791151e-02
   1.056624e-02
  -2.668100e-02
   6.183610e-03
  -9.182896e-03
   1.350668e-02
   9.229303e-03
  -5.683691e-03
  -2.737040e-02
   2.343913e-02
   8.742718e-03
   1.845964e-02
   3.236126e-02
   1.564455e-02
   1.194065e-02
   1.410277e-02
   2.530900e-02
   7.989404e-03
  -2.346621e-02
  -2.664057e-02
   4.857352e-02
   1.195880e-02
   4.850371e-02
  -3.383169e-03
   4.432731e-03
   1.962306e-02
   2.090996e-03
  -1.349900e-02
  -1.277642e-02
   1.729159e-02
   3.077828e-02
   2.482051e-02
  -4.964871e-03
   1.501900e-02
  -1.123822e-02
   3.370755e-02
   1.515524e-02
   4.508632e-02
   5.120971e-02
  -6.583973e-03
   6.631858e-03
   2.970320e-03
   2.985454e-03
   1.851000e-02
   3.181183e-02
   5.116504e-02
  -9.521160e-03
   2.882596e-02
   2.706748e-02
   5.840066e-03
  -1.397950e-02
  -4.544101e-02
   1.048434e-02
  -4.518474e-02
   3.060652e-04
  -3.115271e-03
   6.568162e-03
   3.560609e-02
   1.451017e-02
  -3.779546e-02
   1.417211e-02
   3.920004e-02
   2.427352e-03
   6.064252e-03
   1.638354e-02
   1.136697e-02
   1.268095e-02
   7.068480e-03
  -1.290283e-02
  -5.731967e-03
   2.527055e-02
  -3.469805e-03
   3.843493e-02
   1.576542e-02
   4.120551e-02
   2.078309e-02
   3.618523e-02
   7.785945e-03
   4.173790e-02
   3.646685e-02
   2.823775e-02
   2.282879e-03
   2.903746e-02
  -1.545190e-02
  -1.256384e-02
   1.263644e-02
   3.682738e-02
  -1.595214e-02
   2.189839e-02
   1.416136e-02
   2.390634e-02
  -2.710345e-02
   6.806028e-02
  -2.576339e-02
   3.347913e-03
   3.349622e-04
  -1.401995e-02
   2.698368e-03
   4.352657e-02
   3.297095e-02
   8.336783e-03
  -1.731816e-02
   2.797227e-02
   4.975380e-02
   4.192526e-02
   2.884534e-02
   3.983484e-02
   2.888182e-02
   3.404225e-02
   7.985372e-03
   4.470856e-02
   6.597960e-02
   4.713380e-02
  -7.610496e-03
   2.930075e-02
   1.306521e-02
  -1.104349e-02
  -5.963962e-04
   2.932778e-02
   4.613567e-02
   1.407211e-03
   1.366219e-03
   3.672605e-02
  -8.191792e-03
   1.008160e-02
   4.647347e-03
   3.757118e-02
   5.947634e-03
   6.443723e-03
   1.474894e-02
   4.145900e-02
  -1.684001e-02
   3.059717e-02
   1.088830e-03
   1.198570e-02
   3.273380e-02
   3.758704e-02
   3.348437e-02
   6.040667e-02
   5.592695e-02
   2.432007e-02
   1.509011e-02
   1.291108e-02
   3.425125e-02
   6.048520e-02
   2.051886e-02
   2.490981e-02
   1.282625e-02
  -3.363182e-02
  -3.382145e-03
   3.494448e-02
  -8.517015e-03
  -6.451817e-03
  -2.452568e-02
   4.585365e-02
   8.566365e-03
  -2.418945e-02
  -8.470639e-03
  -7.224649e-03
   2.414693e-02
   1.909827e-02
   3.263724e-02
   2.541298e-02
   1.818101e-03
  -2.728577e-03
   1.233724e-02
   4.377061e-02
   3.160866e-02
   8.791369e-03
   7.098446e-03
   1.168693e-02
   3.812344e-02
   6.468520e-03
   1.514391e-02
   2.430271e-02
   3.006758e-02
   3.335103e-02
   2.296190e-02
   3.161118e-02
   4.696182e-02
  -7.422718e-03
  -5.741909e-03
   8.057825e-03
   1.361530e-02
   1.275196e-02
   2.166844e-02
   5.980170e-02
   2.079306e-02
   1.906461e-02
   7.960725e-02
   2.617429e-02
   1.838290e-03
   4.438282e-02
   3.050407e-02
  -8.869599e-03
  -1.518452e-02
   5.943456e-03
   3.865148e-02
  -2.402810e-04
  -4.070401e-04
  -4.444384e-03
   9.586316e-03
   2.763599e-02
   1.076855e-02
   2.670812e-02
  -8.537371e-03
   1.461926e-02
   1.522824e-02
   8.623110e-03
   1.579250e-02
   2.370184e-02
   2.094928e-02
   1.132199e-02
  -8.599727e-03
   3.722036e-02
   4.216843e-02
   3.085178e-02
  -3.585405e-02
   4.457228e-02
   2.253999e-02
   4.759818e-05
   2.894049e-02
   1.727581e-02
  -5.701809e-03
   7.669491e-02
   5.386583e-02
   2.249812e-02
  -3.305586e-03
   3.035448e-03
  -7.903860e-03
   7.201542e-03
   4.342896e-02
   1.675739e-02
   3.911083e-02
   1.354691e-02
   2.962768e-02
   3.839491e-02
   1.716288e-02
   2.471153e-02
   7.603022e-03
   2.148633e-02
   3.968758e-02
   2.221609e-02
   1.811478e-03
   1.051181e-02
   1.840195e-02
   6.226364e-02
  -9.877038e-03
   6.596253e-03
   2.295900e-02
   5.059134e-02
   2.683291e-02
  -1.321866e-02
   1.883130e-02
   8.272064e-03
   5.756740e-02
   7.331495e-03
   2.422613e-02
   7.132471e-03
  -2.357139e-02
   4.048492e-03
   1.124601e-03
   3.146953e-02
   9.289324e-03
   1.517564e-02
   1.948020e-02
   8.374548e-03
   5.537171e-02
   3.455229e-02
   3.929302e-02
   3.223082e-02
   1.326581e-02
   4.823286e-02
   8.178391e-02
   2.366348e-02
   3.149646e-02
   6.049229e-03
  -1.528695e-02
   3.567198e-02
  -1.196749e-02
   7.100792e-03
   3.543049e-03
   2.139026e-02
  -1.287174e-02
   4.128187e-02
   1.274169e-03
   4.430558e-02
  -2.289261e-02
  -9.060996e-04
   1.148107e-02
   5.377021e-03
   2.809620e-02
  -9.078034e-04
   4.364042e-04
   1.957057e-02
   1.401269e-02
   9.147140e-03
   1.843460e-02
   4.880939e-02
  -4.793909e-04
   5.149513e-03
   1.966393e-02
  -2.347612e-03
   5.902638e-02
   1.833175e-02
   9.272255e-03
  -1.941094e-02
   1.892665e-02
  -2.524401e-03
  -3.541073e-03
  -2.518321e-04
  -1.514009e-03
   1.985092e-02
  -2.691181e-03
   3.104744e-02
   1.602915e-02
   1.147695e-02
   1.960270e-02
   4.378617e-02
   1.309641e-02
   4.556447e-04
  -1.615763e-02
   6.329807e-03
   3.226824e-02
   1.144913e-02
  -3.259590e-03
   7.671602e-03
   1.317818e-02
  -1.103437e-02
   1.357321e-02
   2.192710e-02
   1.680404e-02
   1.107988e-02
   3.656080e-02
   9.121682e-03
  -6.848140e-03
   3.102358e-02
   2.257792e-02
   2.818501e-03
   5.029263e-02
   9.519978e-03
   3.898887e-03
   4.487769e-02
  -1.368763e-02
   1.076034e-02
   1.637035e-02
   3.140044e-02
   5.582057e-03
   3.773565e-02
  -2.347138e-02
  -1.805380e-02
   2.074714e-02
   2.896258e-02
   2.276371e-02
   3.831593e-03
   1.111965e-02
  -2.740876e-03
  -2.166430e-02
   1.515154e-02
   2.263148e-02
  -4.600459e-03
   2.496552e-02
  -2.950400e-03
  -1.137366e-04
  -1.419485e-02
  -2.872969e-03
   8.346241e-03
   1.879001e-02
   3.255428e-03
  -2.730192e-02
   8.092231e-03
   4.566638e-02
   2.932601e-02
  -4.894755e-03
   7.800220e-03
   1.888463e-02
   2.050773e-02
   1.472032e-02
   8.664660e-04
   1.208851e-02
   3.729205e-02
   1.699841e-02
   2.204087e-02
   1.443181e-02
  -2.775016e-02
   2.237909e-02
  -2.849745e-03
   9.213308e-03
   2.615081e-02
   2.681061e-02
   6.367296e-03
  -8.310520e-03
   3.715820e-02
   1.553837e-02
   4.240974e-03
   2.063619e-03
   2.308038e-03
   4.823168e-03
   2.033144e-02
   3.884388e-02
   5.846288e-03
  -9.561605e-03
   3.154888e-03
   4.457132e-02
   3.971182e-02
   2.350468e-02
   3.248270e-02
   1.621018e-02
  -2.334620e-02
   2.113672e-02
   1.548013e-02
   2.851996e-02
  -1.263700e-02
   3.213209e-02
   3.731123e-02
   1.416070e-02
   1.911484e-02
   3.041981e-02
   8.829951e-03
   2.432520e-03
   1.576243e-02
   2.419952e-02
   1.226087e-02
   8.159358e-03
   3.919318e-05
  -1.550862e-02
   1.349545e-04
   1.036175e-02
   1.905535e-02
   1.503444e-02
   2.931247e-02
   2.737467e-02
  -9.152552e-03
  -3.899834e-04
   1.394845e-02
   4.209470e-02
   3.125905e-02
   1.662975e-02
   2.533471e-02
   1.209571e-02
   6.130679e-03
   4.794695e-02
   3.346829e-02
   2.296186e-02
   2.193109e-02
   3.115831e-02
   8.395262e-03
  -1.932281e-02
  -4.971360e-03
  -4.084726e-03
   5.317214e-03
   2.111830e-03
   1.026687e-02
   1.723320e-02
   2.026753e-02
   2.864789e-02
   4.149412e-02
   2.424806e-02
  -1.713801e-02
   2.019309e-02
   4.619075e-02
   1.353045e-03
   1.465744e-02
   2.015307e-02
   2.794992e-02
   3.205774e-03
   1.566397e-02
   2.604413e-02
   2.037371e-02
  -1.357945e-02
   4.442161e-02
  -5.257758e-03
  -1.217374e-02
  -2.320962e-02
  -4.823183e-03
  -3.148127e-03
   1.716814e-03
   6.430102e-03
  -1.556568e-02
   4.350534e-03
   1.014274e-02
   2.004677e-02
   1.378573e-02
  -1.003505e-02
   6.779007e-03
  -4.442875e-03
  -2.489763e-03
   4.918232e-04
   3.119678e-02
   4.152166e-02
   5.287823e-03
  -7.199018e-03
   4.547955e-03
   3.765091e-02
   5.242332e-02
   1.063025e-02
   6.260908e-03
   2.217100e-02
  -3.582295e-04
   1.733180e-02
   1.728491e-02
   2.219817e-02
   3.312027e-02
  -8.031591e-03
   2.284913e-02
  -1.802446e-04
   7.166032e-03
   2.656107e-02
   1.149215e-03
   1.806397e-02
   6.950623e-04
   3.141677e-03
   8.716745e-03
  -9.729399e-03
   1.129430e-02
   7.121482e-03
   2.010519e-02
  -3.734083e-02
  -1.670365e-02
   4.148500e-02
   4.127952e-02
  -1.148885e-04
  -1.110062e-02
   3.736797e-02
   2.267357e-02
   2.511519e-02
  -1.926802e-04
   1.438744e-02
   3.272475e-02
   8.340080e-03
   2.400998e-02
   2.635638e-02
   1.345372e-02
  -3.280145e-03
   3.213790e-03
  -2.820795e-03
   6.688027e-03
   6.400237e-03
   7.106482e-03
   2.472392e-02
   4.933655e-02
  -1.181181e-02
   6.205775e-02
  -1.195632e-03
   2.446735e-02
   1.959257e-02
   7.170693e-03
   8.733906e-03
   1.053172e-02
  -1.016993e-03
   7.096540e-03
   1.612382e-02
   1.706894e-02
   1.279975e-02
   2.961007e-03
   2.015279e-02
  -7.190835e-03
   1.060882e-02
   3.337217e-02
   2.679041e-02
   3.261160e-02
  -3.703378e-03
   2.335507e-03
   2.820284e-02
   2.663786e-02
   1.009672e-02
   1.790461e-02
   1.275261e-02
   3.574844e-05
   1.198668e-02
   2.127723e-02
   4.799323e-02
  -1.684049e-02
   5.255790e-02
   5.512224e-02
   1.239346e-02
   1.201441e-02
   4.403976e-02
  -9.374792e-03
   1.190954e-02
   1.430476e-02
   1.385443e-02
   2.970665e-03
  -1.155211e-03
   1.112990e-02
   2.144521e-02
  -1.000789e-02
   1.426883e-02
   4.056426e-02
  -8.861240e-03
   3.014001e-02
   2.086413e-02
   2.319378e-02
   1.107846e-02
   1.374499e-02
   3.121944e-02
   5.479815e-02
   2.742300e-02
   1.737414e-02
   7.368618e-03
   4.358179e-04
  -6.159684e-03
   7.119584e-02
  -4.391680e-02
  -9.894386e-03
   9.144177e-03
   3.322568e-02
   1.890704e-02
   3.390876e-03
  -5.109277e-03
  -5.870168e-04
  -9.473179e-03
   9.174560e-03
  -1.442125e-03
   9.792778e-03
   1.661489e-02
   7.160657e-03
   1.236096e-02
  -1.363379e-02
   6.366149e-03
   2.031942e-02
   1.402786e-02
   2.344020e-02
   3.332311e-03
   1.129127e-02
   1.325600e-02
   2.834138e-02
   2.821618e-02
   2.942560e-02
   2.958933e-02
   2.836462e-02
  -1.088089e-03
   2.576300e-02
   2.565980e-02
   2.650563e-02
  -9.104370e-03
   1.326342e-02
   3.015730e-02
   3.131661e-02
  -3.158344e-03
  -1.550052e-02
  -2.556679e-04
   2.160918e-02
  -1.747303e-03
   3.330879e-02
   1.027477e-03
   8.333110e-03
   6.873442e-03
  -4.864774e-03
   5.412402e-03
   3.131150e-02
   1.565128e-02
   1.423339e-02
   6.729487e-03
   1.763404e-02
   6.626706e-04
  -7.514191e-04
   2.312872e-03
   1.645119e-02
   2.387829e-02
   3.500265e-02
   3.314409e-02
   1.004490e-02
  -1.472460e-02
   1.573399e-02
   1.563332e-02
   3.554681e-03
  -3.226972e-02
   8.548247e-04
   2.157078e-02
   2.654352e-03
   1.089364e-02
  -1.427288e-02
  -2.721751e-03
   2.039487e-02
   2.925093e-02
   1.554647e-02
   1.269301e-02
   8.333110e-03
   7.603276e-03
   1.369251e-03
   1.146850e-03
  -3.341104e-03
   9.276174e-03
   1.411367e-02
   1.360446e-02
   1.138803e-02
   6.025349e-03
   1.343677e-02
   4.267824e-02
   1.127222e-02
  -1.002841e-02
   6.020587e-03
   1.281150e-02
   2.342534e-02
   5.575970e-02
   3.626425e-02
   1.717412e-02
   4.349509e-03
  -1.566492e-02
   8.487138e-03
   2.711627e-02
   6.959639e-03
  -1.323624e-02
  -1.604462e-02
   1.176336e-02
   3.344113e-02
   6.813894e-03
  -1.592030e-02
   2.150508e-02
   8.333110e-03
   7.968193e-03
   4.668722e-03
   1.170943e-02
   1.798698e-02
   2.706650e-02
   1.934067e-02
   1.905660e-02
   2.925589e-03
   1.045957e-02
   5.794929e-03
   1.640990e-02
   6.065013e-02
  -4.621840e-03
   3.551433e-03
   6.136161e-03
   1.508525e-02
   3.788382e-03
   1.330136e-02
   1.244939e-02
   2.773735e-02
  -1.907456e-02
   2.164239e-02
   1.015354e-02
   1.138109e-02
  -4.641647e-03
   5.268557e-03
   3.343047e-02
   8.089179e-03
   5.879304e-03
   3.553280e-03
   2.070083e-02
   8.333110e-03
   8.150652e-03
   1.195152e-02
   2.303518e-02
   1.521453e-02
   4.621415e-03
   6.029048e-04
   1.970715e-02
   3.143404e-02
   2.709240e-02
   1.599053e-02
   1.430751e-02
  -1.408861e-02
  -4.013207e-03
   6.670824e-03
   2.436190e-02
   9.983581e-03
   3.472146e-02
   2.697515e-02
   1.259124e-02
  -1.650812e-03
   5.362202e-04
   1.108930e-02
   1.275765e-02
   1.703011e-02
  -2.198000e-02
   5.343135e-03
  -1.378212e-02
  -1.671997e-02
  -1.108780e-02
  -3.767258e-03
   8.466788e-03
  -1.384532e-03
   5.430755e-03
   7.560615e-03
   1.306402e-02
   4.397092e-04
   1.491090e-03
   2.632575e-02
   1.100687e-02
   2.006857e-02
   2.058250e-02
   2.289535e-02
   1.234680e-02
   3.194608e-02
   2.060688e-02
   9.077562e-03
   3.114716e-02
   1.969804e-02
   2.779527e-02
   2.438760e-02
   1.302554e-02
   9.839827e-03
   2.499809e-03
   6.838238e-03
   1.300295e-02
   1.636092e-02
   2.088273e-02
  -2.307465e-02
   1.334795e-02
   1.725590e-02
   2.062615e-02
   1.264589e-02
   1.264589e-02
  -8.199820e-03
   1.326084e-02
   1.113899e-02
   2.394995e-02
   6.064296e-03
   1.830594e-03
   1.668473e-02
   4.486768e-02
   4.376815e-02
  -7.235392e-03
   1.658007e-02
   2.663948e-02
   7.126372e-03
   1.178754e-02
   8.563656e-03
   1.989107e-02
   3.838416e-02
  -1.283894e-03
   3.234198e-02
   1.205206e-02
  -9.211348e-03
   3.910781e-02
   5.011955e-03
   3.058224e-02
   1.519708e-02
   1.275419e-02
   1.377862e-02
  -1.212224e-03
   1.779360e-02
   1.019263e-02
  -4.398669e-05
   1.172732e-02
   1.183616e-02
   2.033995e-03
  -2.154212e-04
  -4.799318e-03
  -7.781778e-03
  -4.078764e-03
  -6.285107e-03
   2.723271e-02
   3.800478e-02
   6.943131e-03
  -9.939992e-03
   2.479456e-02
  -1.100248e-02
   5.883682e-02
  -6.501550e-03
  -1.244924e-02
  -4.519037e-03
   1.680692e-02
   2.958473e-02
   5.974238e-03
  -7.663283e-03
   6.544405e-03
   1.483947e-02
   1.280606e-02
   1.613218e-02
   1.158316e-03
   9.877373e-03
   2.908086e-02
   1.435412e-02
   2.583475e-02
   2.120749e-02
   2.258004e-02
   1.289873e-02
   1.116999e-02
   9.280457e-03
   1.688680e-02
   5.128587e-03
   4.147064e-03
   1.651899e-02
   3.234350e-02
   4.001578e-02
   1.121410e-02
  -9.763707e-03
   1.457304e-02
   4.210419e-02
   3.412748e-02
  -1.779445e-03
   1.204545e-02
  -1.190432e-02
   1.379238e-02
   6.406532e-03
  -1.007656e-02
   1.768268e-02
   4.921141e-02
   9.687333e-03
  -4.747700e-03
   3.536727e-02
   1.837124e-02
   1.584852e-02
  -3.788220e-04
   2.291615e-02
   1.909027e-02
  -6.796608e-04
   2.786701e-02
  -1.316913e-02
  -5.368230e-03
   7.697418e-03
   1.918003e-02
  -4.087750e-03
   1.139137e-02
   3.587051e-02
  -1.208929e-02
  -2.516554e-03
   7.661214e-03
   3.188184e-02
   2.012349e-02
   3.526654e-02
   3.734836e-02
   1.618622e-02
   3.322056e-02
   2.880696e-02
   2.455037e-02
   3.105176e-02
   2.335430e-02
   5.206763e-02
   2.693280e-02
  -2.055385e-02
   2.096668e-03
  -2.170211e-02
   1.112688e-02
   3.552427e-02
   1.631738e-02
   2.370436e-02
   2.828986e-02
   2.738458e-02
   7.078220e-03
   1.606206e-03
  -1.041112e-03
   8.887839e-03
   2.000721e-02
   1.408190e-02
   2.370557e-02
   8.618190e-03
   1.623431e-02
   1.658630e-02
   1.520970e-02
   3.281416e-02
   1.391559e-02
   4.149014e-02
   6.052829e-03
  -4.044575e-03
   4.019629e-02
   4.033605e-02
   2.966796e-02
  -6.918732e-03
   1.655220e-02
   2.999605e-02
   2.700603e-02
   2.077137e-02
   6.346250e-02
   1.705796e-02
  -5.163803e-03
   3.152129e-03
   1.167632e-02
  -5.215405e-03
   1.494823e-02
   1.065706e-02
   1.141868e-02
   3.094224e-02
   1.162069e-02
   2.058490e-02
   5.895829e-02
   1.670257e-02
   1.141133e-02
   1.148216e-02
   1.303121e-02
   3.741774e-02
   1.059684e-02
   1.341391e-02
   3.749044e-02
   2.843075e-02
   1.172716e-02
   2.012419e-02
   3.744180e-02
   5.200491e-02
   6.070415e-02
   9.128648e-03
  -3.015023e-02
   2.435834e-02
   2.788374e-02
   2.354176e-02
   2.197017e-02
   3.163527e-02
   2.897830e-02
   1.146657e-02
   1.888867e-02
  -6.194210e-04
  -9.315987e-04
   7.965740e-03
  -5.789872e-03
  -8.572573e-03
   4.960958e-03
   2.872760e-03
   4.414524e-02
   4.175156e-02
   2.742245e-02
   1.286789e-02
   1.040287e-02
   2.069650e-02
   1.426890e-02
  -2.724581e-02
   5.148798e-02
   3.068271e-02
   2.883871e-02
   1.557791e-02
   3.444487e-02
   5.031490e-02
   5.936334e-03
   1.287940e-02
   8.952271e-03
   1.907116e-02
   2.222212e-02
   2.468572e-02
   3.168333e-03
  -2.654956e-02
   1.226376e-02
   1.213269e-02
   2.132637e-02
  -1.521935e-02
  -9.330472e-04
   2.090761e-02
  -2.251948e-02
   1.687316e-02
   1.843479e-02
   7.076032e-05
   8.385326e-03
   4.313608e-02
   2.644626e-02
   8.780265e-03
   5.466764e-03
   1.882709e-02
   2.219828e-02
   3.454708e-02
   5.602393e-03
   1.397338e-02
   4.028766e-02
   1.004539e-02
   1.434641e-02
   3.831885e-02
   2.056724e-02
   2.663790e-02
   1.752656e-02
   2.572724e-02
   2.335486e-02
   4.981066e-02
   1.987228e-04
   5.803257e-03
  -6.350266e-03
   4.105548e-02
   2.358605e-02
   1.820368e-02
   6.453996e-03
   4.199652e-04
  -9.546608e-04
   1.776194e-02
   1.467895e-02
   1.220009e-02
   1.722544e-02
   1.440946e-02
   3.361694e-02
   3.648781e-02
   2.891224e-02
   2.694680e-02
  -1.224141e-02
   1.115284e-02
   1.012800e-02
   4.667740e-02
   1.028481e-02
   2.049310e-03
  -2.542346e-02
   4.608843e-02
   1.594090e-02
  -1.902249e-02
   1.698952e-02
   4.058401e-02
  -4.340583e-03
   2.501976e-02
   9.757531e-03
   6.035716e-03
   2.753981e-03
   1.576255e-02
   2.475849e-02
   2.951769e-02
   3.873103e-02
   1.623130e-02
  -6.270469e-04
  -1.082640e-03
   1.727584e-02
   1.320162e-02
   1.367425e-02
   2.473398e-02
   5.712424e-02
   4.692785e-02
   8.718205e-03
   4.895079e-02
   2.274862e-02
   7.882127e-03
  -2.292062e-02
   2.652360e-03
  -1.173588e-02
   2.772148e-02
   3.524019e-02
   2.786050e-02
   1.613044e-02
   1.264719e-02
   9.181067e-03
   2.033609e-02
   2.514183e-02
   4.485145e-02
   1.160573e-02
   2.303984e-02
   1.144147e-02
  -5.290833e-03
   3.492686e-02
   3.637755e-02
  -5.101440e-03
   1.069843e-02
   3.184331e-02
   1.324247e-02
   4.656107e-02
   3.257050e-02
   2.312237e-02
   1.961878e-02
   1.638920e-02
  -6.347109e-03
   1.860545e-02
   4.338169e-02
   1.541318e-02
   2.054767e-02
   2.556705e-02
   2.569461e-02
   2.433102e-02
   2.932231e-02
   3.099780e-02
   2.161531e-02
   2.818440e-02
   1.838401e-02
   2.906276e-03
   2.785008e-03
   8.950008e-03
   2.472117e-02
   1.456169e-02
   2.987878e-02
   2.526289e-02
   1.150252e-02
   1.406748e-02
  -2.040450e-03
   8.994920e-03
  -1.794453e-04
   2.241389e-02
  -1.203666e-02
   2.198395e-02
   3.794881e-02
   3.043267e-02
   1.422957e-02
   7.749685e-03
   3.162418e-02
   2.517729e-02
   2.879892e-02
   4.348022e-02
   1.844421e-02
  -8.552852e-03
   8.570878e-03
   2.593235e-02
   3.591445e-02
   2.843090e-02
  -5.814633e-04
   2.284457e-02
  -1.612844e-02
   1.894602e-02
   2.038616e-02
   1.883184e-02
   3.052155e-02
   9.488308e-03
   1.262868e-02
   2.994511e-02
   1.197056e-02
   3.506318e-02
   1.134899e-02
  -7.117349e-03
  -8.021286e-03
   8.849689e-03
  -2.307596e-03
   1.546260e-02
  -3.484757e-03
   4.642992e-02
   1.882199e-02
   1.419096e-02
  -2.581474e-03
   2.168062e-02
   4.049842e-02
   6.381519e-02
   3.835027e-02
   4.359974e-02
   2.902790e-02
   3.491307e-02
   9.177332e-06
   4.096155e-02
   3.993247e-02
   3.188024e-02
   5.160245e-02
  -2.802340e-02
   2.468696e-02
   1.546964e-02
   1.244287e-02
  -6.171461e-03
   1.770728e-02
  -9.896355e-04
  -9.425497e-03
   7.000057e-03
   2.393377e-02
   4.307554e-02
   2.018997e-02
   1.215647e-02
   1.392072e-02
   2.121185e-03
   5.365627e-03
   3.252633e-02
   3.356198e-02
   2.386601e-02
   8.696894e-03
   1.987801e-02
  -8.025142e-04
   1.317921e-02
   1.055595e-02
   2.707785e-02
   2.805287e-02
   2.341829e-02
  -6.252450e-04
  -4.279945e-02
  -3.904809e-02
   1.314149e-02
   2.349265e-02
  -7.686693e-03
   3.438110e-02
   3.529239e-02
   9.951731e-03
   1.559295e-02
   1.263232e-02
   1.521306e-02
   6.910155e-03
  -2.157122e-02
   1.181275e-03
   1.939771e-02
   3.354916e-02
  -1.668224e-02
   2.056270e-02
  -1.002282e-02
   2.421851e-02
  -2.011184e-03
  -3.046709e-02
   4.593397e-02
  -7.876384e-03
  -1.416640e-02
   3.807516e-02
  -2.085179e-02
   4.378548e-03
   1.138332e-02
   1.688279e-02
   3.133247e-02
   2.098938e-02
   3.226090e-02
   1.778311e-02
   1.987132e-02
   2.112858e-03
   6.378004e-05
  -1.430773e-03
   1.885497e-02
   2.580038e-03
   4.595921e-02
   4.489837e-02
  -2.572826e-03
   3.509024e-02
   1.884242e-02
   1.930801e-02
  -2.151450e-04
   1.054180e-03
   1.821365e-02
   6.089400e-03
  -7.720979e-03
   1.353784e-02
   2.411599e-02
   8.621734e-03
   8.541271e-03
  -7.210707e-03
  -1.666916e-02
   3.728054e-02
  -9.285524e-04
   2.343149e-02
   2.693557e-03
  -3.237490e-03
   4.250926e-02
   2.636227e-02
   2.283437e-02
   1.908736e-02
   2.475775e-02
   7.532068e-03
   4.784835e-02
   4.378701e-02
   2.786448e-02
   9.240276e-04
   1.286157e-02
   3.467197e-02
   1.766874e-02
   3.163387e-02
   4.300823e-02
   5.742350e-02
   7.323694e-03
  -1.094420e-02
   1.967460e-02
   8.078287e-03
   1.225970e-02
   1.195154e-02
  -3.921096e-03
   1.804532e-02
  -7.278635e-03
  -1.283855e-02
  -3.706743e-03
  -1.018127e-02
  -1.968102e-03
   4.338251e-02
   2.266685e-02
   4.674127e-02
  -9.176457e-03
   1.911607e-02
   1.116280e-02
  -2.454187e-03
   1.845014e-02
   4.122681e-02
   1.175574e-02
   8.647461e-03
   8.653969e-03
   1.343266e-02
   8.574746e-03
   3.483969e-02
   2.255638e-02
   3.076826e-02
  -4.339072e-03
   2.874104e-02
   1.823398e-02
   4.554530e-03
   1.895107e-02
   1.006717e-02
   3.642179e-02
   2.592971e-02
   1.729896e-02
   4.302254e-02
  -1.547319e-02
   6.418885e-03
   2.486202e-02
   9.242088e-03
   1.304552e-02
  -2.692381e-02
   8.313589e-03
   2.037217e-02
  -3.361288e-02
   1.373607e-02
   5.154946e-03
   2.195440e-04
   1.027019e-02
   2.410712e-02
   1.337838e-02
   2.500918e-02
   2.068817e-02
   5.599132e-02
   4.776356e-02
  -7.809740e-03
   9.999367e-03
   7.464279e-03
  -9.927645e-03
   4.364575e-02
   1.615397e-02
  -1.341782e-02
   3.262407e-02
   9.081655e-03
   8.096137e-03
  -1.522058e-02
   4.164683e-03
   1.179884e-02
   8.483636e-03
   2.912526e-02
   3.101707e-02
   1.616124e-02
   8.224554e-03
   8.497624e-03
  -9.817962e-04
   1.829102e-02
   5.171814e-02
   1.915646e-03
   4.225106e-02
  -1.859848e-02
   1.456780e-02
   3.155309e-02
   1.692701e-02
   1.628030e-02
   2.486816e-02
   1.534251e-02
   2.887656e-02
   4.794483e-02
   3.960028e-02
   1.643906e-02
  -1.000323e-02
   1.857752e-02
   7.786934e-03
  -1.892701e-03
   1.843457e-02
  -4.083913e-03
  -7.716715e-03
   2.304225e-02
   2.345086e-02
   1.100465e-02
   9.744146e-03
   9.984726e-03
   6.988960e-03
   2.151523e-02
   3.636386e-02
   2.029915e-02
   2.413126e-02
  -2.338888e-02
   1.814125e-02
   2.841271e-02
   2.294075e-02
   3.258025e-02
   3.199888e-02
   1.726488e-02
   6.496282e-03
  -2.124800e-02
  -1.299196e-02
   1.954229e-02
   4.455344e-03
   1.342222e-02
   2.411325e-02
   2.260449e-02
   1.673593e-02
   8.826373e-03
  -1.691056e-03
   9.444197e-03
   2.236056e-02
  -1.361668e-02
  -1.414914e-03
   1.916895e-02
   4.314565e-02
  -2.235734e-03
   2.183883e-03
  -8.915226e-03
  -2.003491e-02
   2.654687e-02
  -1.427977e-02
   1.220387e-02
   1.803074e-02
   2.222514e-02
   2.896390e-02
   3.205921e-02
   2.117842e-02
   7.051802e-03
   1.304055e-02
   9.325550e-03
  -6.200427e-03
   6.612432e-02
   3.752508e-02
   4.992560e-02
   3.780687e-02
   1.926775e-02
   1.191066e-02
   6.932767e-03
   1.114438e-02
   1.683098e-03
  -1.428218e-02
   1.899998e-02
   2.068027e-02
  -1.685975e-02
  -3.495212e-03
   3.104969e-02
   5.853149e-03
  -5.483534e-03
   1.014235e-02
  -7.704332e-03
   5.109940e-05
  -2.726879e-02
  -1.197880e-02
  -7.184111e-04
   1.356270e-02
  -1.812625e-02
   1.582495e-02
   3.663719e-02
   2.266193e-02
   2.270704e-03
   7.097543e-05
   1.319719e-02
   3.036690e-02
   6.676740e-03
  -2.071975e-02
   4.464136e-02
   2.077999e-02
   1.393124e-02
  -1.871231e-03
   3.175609e-02
   9.351028e-04
   2.553046e-02
   1.746896e-03
   1.514461e-02
   2.263546e-02
  -1.791349e-02
   1.127919e-02
   1.730839e-02
  -3.318335e-03
   1.773806e-02
   6.177222e-02
  -3.247069e-03
   9.394932e-03
   2.551260e-02
  -5.648224e-03
   3.938420e-02
  -8.931172e-03
   2.500409e-03
  -9.572198e-03
  -6.065925e-02
  -9.220417e-03
   2.082529e-02
   2.238283e-02
  -2.073035e-03
   1.414693e-02
   3.268617e-04
  -4.575092e-03
   2.187755e-02
   1.020634e-02
   1.206656e-02
   2.141035e-02
   5.196296e-02
   1.258390e-02
   2.796209e-02
   1.813198e-02
   2.468694e-02
   3.208149e-02
   1.924265e-02
   4.505925e-04
   3.022303e-02
   7.808577e-03
  -3.676391e-03
  -1.139473e-02
  -9.805260e-03
   3.612573e-03
  -1.353467e-03
  -7.987546e-03
  -1.696095e-02
  -1.581029e-02
  -9.080966e-03
   4.045107e-03
  -1.584825e-02
   9.069386e-03
   4.460977e-03
  -1.116162e-02
   4.792355e-03
   7.429075e-03
  -1.494114e-02
   1.966612e-02
  -1.036642e-02
   2.690306e-02
   7.628659e-03
   2.348309e-02
   1.581727e-02
   9.066189e-03
   6.713419e-03
   2.249046e-03
   6.503281e-03
  -2.920557e-02
  -4.141086e-03
   6.865256e-03
   9.971764e-03
   2.195526e-02
   2.297100e-03
   1.960594e-02
   1.680697e-02
   3.137874e-03
   1.850392e-02
   1.705553e-02
   4.065021e-02
   2.890321e-02
  -6.479365e-03
  -3.842118e-02
  -3.360883e-03
   3.603122e-02
  -1.219327e-02
   2.614742e-02
   2.761172e-02
   2.571814e-02
   4.621902e-02
   9.321584e-03
   3.324860e-03
   1.148483e-02
   1.849116e-02
  -6.174898e-03
   5.665872e-03
  -1.202598e-03
  -1.688802e-02
  -1.809826e-02
   2.828270e-02
  -1.787442e-02
   8.519334e-03
   2.117975e-02
   2.582298e-02
   4.808544e-02
  -2.869641e-02
   7.081136e-04
   1.804320e-02
  -2.637196e-02
   2.024310e-02
   1.336974e-02
   2.031502e-02
   1.030482e-02
  -1.830379e-02
   4.337313e-03
   4.794687e-03
   1.148798e-02
  -6.361952e-03
  -2.569992e-03
  -1.488068e-02
   1.212346e-02
   5.194412e-03
   2.790529e-03
   2.285937e-02
   7.294857e-03
   2.221280e-03
   1.054789e-02
  -5.829642e-03
  -1.363443e-02
   1.357028e-03
   1.655513e-02
   9.701567e-03
   1.421869e-02
   3.489658e-03
  -1.540018e-03
   2.405497e-02
  -1.253158e-02
   5.121585e-03
  -6.120278e-03
   6.527914e-03
   7.660817e-03
  -2.135916e-02
  -4.134679e-03
  -1.102076e-02
   2.906753e-03
   1.165423e-02
   1.960877e-02
   4.280507e-02
   1.943503e-02
   2.444692e-02
  -1.518475e-02
   3.296448e-02
   3.834360e-02
   1.023228e-02
   4.892047e-03
   1.454963e-02
   1.371348e-02
   9.583099e-04
  -1.072572e-02
  -1.050906e-03
   1.101861e-03
   1.939543e-02
   1.215421e-02
  -2.025026e-02
   2.882426e-02
  -5.036384e-03
  -1.356243e-02
  -4.699905e-03
  -1.494549e-03
   4.852786e-02
   5.886379e-03
   1.277667e-02
   2.591570e-02
  -9.783912e-03
  -2.701023e-02
  -3.047655e-02
   6.887274e-04
   1.232150e-02
   1.963846e-02
   3.674874e-03
  -9.998760e-04
   4.754504e-02
  -2.266255e-02
   2.048556e-02
   3.169223e-02
   1.058009e-02
  -8.004254e-03
   5.462493e-03
   9.842106e-03
  -2.180058e-02
  -9.768847e-03
   1.736786e-02
  -3.473733e-02
   6.387472e-03
   3.846183e-02
   7.291048e-03
   2.317748e-02
  -5.036384e-03
  -9.299405e-03
  -6.999655e-03
  -5.779744e-03
  -8.845026e-03
  -2.474844e-02
  -1.188649e-02
  -3.230709e-02
  -1.588965e-02
  -2.144994e-02
  -5.095998e-03
   1.888236e-02
   1.730459e-02
   1.247571e-02
  -2.510220e-03
   2.718333e-02
   2.157110e-02
   1.903111e-02
   3.994806e-02
   1.836640e-02
   8.400114e-03
   6.058959e-03
   2.029982e-02
   2.894977e-02
   1.320635e-02
   1.581517e-02
  -9.552618e-03
  -4.394671e-03
   2.429957e-03
   4.034071e-03
   3.661573e-03
   3.341714e-02
  -5.036384e-03
  -7.167894e-03
  -7.083775e-03
   6.464662e-03
   4.316269e-02
   1.665565e-02
  -3.267081e-03
  -1.636694e-02
  -5.577947e-03
   2.599061e-03
   1.266014e-02
   3.109924e-02
   1.310910e-02
  -1.136745e-03
  -3.337093e-03
  -9.770945e-03
  -7.475068e-03
  -3.946895e-04
   1.529307e-02
  -6.574798e-03
   5.270511e-03
   1.778102e-02
   4.072805e-02
   2.023415e-02
   1.442807e-02
   1.095321e-02
   5.618753e-03
   1.985921e-02
   2.341574e-03
   3.226464e-03
   9.220113e-04
  -4.122003e-03
  -5.036384e-03
  -6.102139e-03
  -5.875478e-03
  -4.440521e-03
   1.357860e-02
   2.013643e-03
   8.501326e-05
  -3.020167e-02
   5.051694e-03
   2.476399e-02
   1.353613e-02
  -3.789477e-03
  -6.438688e-03
  -2.501964e-03
   6.954029e-05
   1.974177e-02
  -2.166390e-02
  -1.438212e-02
   8.928499e-03
  -5.148694e-03
  -1.779978e-02
  -1.942458e-02
   1.065173e-02
   1.357653e-02
   9.843704e-03
   7.950859e-03
  -5.778028e-03
   2.224373e-02
   2.481537e-02
   2.888990e-02
   1.490596e-02
   5.391976e-03
   2.694099e-02
   1.787128e-02
   8.733426e-03
   2.407916e-02
   5.928265e-03
   9.744661e-03
   3.368605e-02
   2.723888e-02
  -4.325783e-03
   1.840701e-02
   5.396551e-03
   4.299777e-02
   4.060349e-02
   2.875161e-02
  -1.159037e-02
   2.062363e-02
   1.229723e-02
   4.097256e-02
   9.892136e-03
  -1.340862e-02
   4.529632e-02
   2.333448e-02
   1.319373e-02
   3.483357e-02
   2.722567e-02
   2.854259e-02
   1.168293e-02
  -1.829372e-02
   6.763592e-04
   2.335414e-02
   1.498194e-02
   1.498194e-02
   3.601070e-02
   4.426011e-02
   1.238027e-02
   9.618314e-03
   1.834466e-02
   2.059180e-02
   2.675731e-02
   2.995834e-02
   2.478371e-02
  -1.593398e-03
   7.186553e-03
   6.510731e-03
   1.745231e-02
   2.372662e-02
   2.045522e-02
   4.664901e-02
  -1.356513e-03
  -1.882574e-02
   2.112472e-03
  -1.131198e-02
  -2.263980e-02
  -7.422944e-03
  -1.858686e-02
   2.634863e-03
   1.830086e-02
   1.466490e-02
  -5.519196e-03
   3.302745e-03
  -3.031346e-03
   1.082856e-02
   4.596335e-03
   1.067989e-02
   9.216959e-03
   4.719770e-02
  -1.309079e-02
   1.471786e-02
  -6.804204e-03
   1.219355e-02
   2.279306e-02
   1.823233e-02
   2.927271e-02
   2.244993e-02
   3.967047e-02
  -2.366925e-02
   1.981615e-02
   6.288232e-03
   2.303564e-02
   1.162174e-02
   3.187714e-02
   2.402869e-02
  -8.777351e-03
   6.144323e-04
   2.788600e-02
   1.806140e-03
   3.114550e-02
   1.027562e-02
   1.977891e-02
   1.733534e-02
   3.277768e-02
  -3.214356e-02
   6.472408e-04
   3.141408e-02
  -1.435718e-04
   1.246138e-02
  -9.394159e-03
   2.533753e-02
   7.550435e-04
  -9.981612e-03
   1.979932e-02
   1.054278e-02
   1.533436e-02
  -9.094794e-03
   3.989060e-02
   2.668661e-02
   8.943889e-03
   1.046924e-02
   5.482196e-03
   2.085314e-02
   4.374004e-02
   5.792508e-03
   5.631229e-02
   1.394499e-02
   3.324244e-02
  -5.338936e-03
  -1.159734e-02
   4.167386e-02
   2.477640e-02
   2.527447e-02
   3.320381e-02
   9.407718e-03
   3.143647e-03
  -3.368076e-02
   2.425315e-02
   1.230543e-02
   1.488611e-02
   4.188748e-03
  -7.020094e-03
   1.721069e-02
   1.635459e-02
   3.109805e-02
   1.564257e-02
  -3.645422e-04
   3.709639e-02
   1.154539e-02
   1.026064e-02
   3.546205e-02
   3.337821e-02
   3.065781e-02
   2.907299e-02
   2.790209e-02
   2.317810e-02
  -7.919661e-03
   1.401454e-02
   1.728247e-02
   2.388789e-02
  -5.595616e-03
   3.135571e-02
   2.999920e-02
   1.011776e-03
   3.103444e-04
   9.776193e-03
   3.964320e-02
   4.069951e-03
  -4.895129e-02
  -3.203110e-03
  -2.133163e-02
   2.292783e-02
  -7.122859e-03
  -3.705874e-03
   1.467402e-02
   1.552862e-02
   1.555726e-02
   1.157915e-02
   9.190395e-03
   1.020553e-02
   1.058499e-02
   2.258170e-02
   2.290889e-02
   3.295770e-02
   4.812598e-02
   5.224985e-02
   2.163832e-02
   2.898995e-02
   1.667805e-02
   1.888868e-02
   5.111553e-03
   3.032756e-02
  -1.122529e-02
   1.448353e-02
   4.595545e-02
   2.965476e-02
   2.531816e-02
   1.785344e-02
   7.954013e-03
   2.270200e-03
  -1.189312e-02
  -9.282042e-03
  -1.740335e-03
   1.667569e-04
   1.844492e-02
   2.378365e-02
   6.886878e-03
   1.412680e-02
   7.637670e-03
   5.926383e-03
   2.796983e-03
   5.649038e-03
   2.050490e-02
   4.657231e-02
   1.444648e-02
   3.171726e-02
   4.634917e-02
   1.001150e-02
   3.311279e-02
   1.951083e-02
   2.072078e-02
   2.597345e-02
  -4.605249e-02
  -1.488321e-02
  -2.983264e-02
  -8.151742e-03
   6.245559e-03
   8.407285e-03
  -1.067846e-02
   2.836538e-02
   3.456930e-03
  -1.648596e-02
  -1.871840e-02
   2.146218e-03
   5.959552e-03
   2.244868e-02
   9.487295e-03
   3.840964e-02
  -1.779704e-02
   2.645403e-02
   3.109574e-02
  -9.638691e-03
   2.892017e-02
  -1.091126e-02
   6.957335e-02
   4.292136e-02
   1.261842e-02
   3.311569e-02
   6.610637e-04
   6.280207e-03
   5.048226e-03
   2.008662e-02
   1.781677e-02
   1.264292e-02
   3.289862e-03
  -1.397526e-02
   1.627518e-02
   2.392997e-02
  -8.865538e-03
   5.536432e-04
  -1.977418e-02
   3.242250e-02
   1.807503e-02
  -2.897327e-02
   2.798897e-02
   3.062576e-02
   4.946025e-03
   2.650274e-03
  -1.253293e-02
  -3.149488e-02
   2.979686e-02
  -1.421416e-02
   6.292785e-03
   1.912173e-02
   3.507305e-02
   5.717726e-02
  -2.507951e-03
   2.059797e-02
  -4.257934e-03
   2.555298e-02
  -9.714327e-03
   9.400036e-03
  -2.587692e-02
  -2.204029e-02
  -1.773853e-03
  -1.888840e-02
  -1.149708e-02
  -3.116292e-02
  -1.023753e-02
  -2.101650e-02
  -5.192936e-03
   2.244700e-02
  -4.219897e-03
  -2.027405e-02
   2.063639e-03
   2.964975e-02
  -3.563430e-02
  -3.834164e-02
   3.465225e-03
   1.306515e-02
  -2.831202e-02
  -2.950942e-03
   1.893197e-04
   2.650948e-02
   5.464996e-03
   1.804343e-02
   1.424031e-02
  -5.680892e-03
   3.415370e-02
   4.623639e-02
   1.432774e-02
   1.994036e-02
   1.178917e-02
   2.273576e-02
   2.710931e-02
   6.320340e-03
   1.601650e-02
   1.556749e-02
  -7.710632e-03
  -1.232615e-02
  -1.582487e-02
  -7.674193e-02
  -1.333671e-02
  -5.231214e-03
  -2.193237e-02
  -6.459358e-03
  -1.480001e-02
  -1.798790e-02
  -2.705779e-02
  -6.399422e-03
   4.409752e-02
  -1.494798e-02
  -5.861470e-03
   1.094010e-02
   7.008173e-03
   2.143290e-02
  -1.385038e-02
   4.201377e-02
   9.525665e-03
   3.078937e-02
   3.689354e-02
   1.594625e-02
   3.432303e-02
   1.851630e-02
   1.419489e-02
   2.178206e-03
   3.469042e-02
   2.912971e-02
  -3.957634e-02
   2.045911e-02
  -2.258679e-02
  -1.046759e-02
  -2.585627e-02
  -3.980137e-02
  -5.702404e-02
  -8.102777e-03
  -1.845565e-02
  -2.807322e-02
  -9.853562e-03
  -1.926832e-03
  -2.755116e-02
  -4.295777e-03
  -2.664970e-02
   1.229088e-02
   4.352163e-02
   7.778243e-03
   6.184107e-04
   6.140478e-03
  -3.854952e-03
   1.763679e-02
   3.088103e-02
   2.678231e-02
   7.293895e-03
   3.289620e-02
   1.887257e-02
   5.606932e-03
   4.233177e-02
   2.041461e-02
   2.365798e-02
   2.458563e-02
   4.150791e-03
   1.811306e-02
   1.044829e-02
   6.892861e-03
   2.024404e-02
  -4.334642e-02
  -2.804965e-03
  -1.099147e-02
  -2.384274e-02
   1.204309e-02
   5.385814e-03
  -2.874404e-03
  -3.544988e-03
   2.243951e-02
  -6.524389e-03
   4.723958e-02
   1.626122e-03
   9.799201e-03
  -4.140480e-03
  -3.629874e-03
   1.850743e-03
   1.507307e-03
   3.655931e-02
   4.787147e-02
   3.146333e-02
   4.599727e-02
  -1.386468e-02
   3.237904e-03
   2.083361e-02
   2.062411e-02
   1.470881e-02
   2.096921e-02
   2.744308e-02
   3.739405e-02
  -7.623128e-03
  -5.584678e-03
   1.716040e-02
  -2.210747e-02
  -1.257936e-02
  -9.215393e-03
  -2.502628e-03
  -2.769100e-03
  -2.075002e-03
  -1.141161e-02
   1.523752e-02
   4.326809e-03
   1.737576e-03
  -3.917710e-02
  -1.066988e-02
  -1.865339e-02
  -2.334966e-02
   1.407803e-02
   1.338049e-02
   4.389048e-02
   5.547483e-03
   3.018199e-02
   2.469068e-02
   8.025885e-04
   2.159446e-02
   3.571001e-02
   7.347531e-02
   2.922778e-02
  -6.416075e-03
   4.128508e-02
  -1.137914e-03
   1.072160e-02
  -2.702980e-03
  -5.545713e-03
  -8.544293e-03
  -2.877191e-02
  -1.618961e-02
  -1.566278e-02
   1.496139e-02
   2.801075e-02
  -1.025632e-02
   3.327385e-02
   1.769642e-02
   1.656128e-02
  -1.796132e-02
  -6.936656e-03
   5.541352e-03
   6.668049e-03
   2.397466e-03
   8.358154e-03
   1.453380e-02
   4.664475e-02
   1.324498e-02
  -1.562373e-03
   1.661042e-02
   1.414378e-02
   2.493698e-02
   2.569008e-02
   4.958270e-02
   3.940524e-02
   1.011557e-02
  -1.701958e-02
   1.376511e-02
   3.033838e-02
  -8.364677e-03
  -1.108985e-02
   7.629172e-03
  -2.326105e-02
  -7.573311e-03
  -5.220750e-02
  -6.479619e-03
  -2.847516e-02
  -1.291122e-02
  -3.464697e-03
   5.713020e-03
   1.113715e-02
   7.455121e-03
   2.385044e-02
  -1.952045e-02
   3.097773e-02
   2.521923e-02
   5.049784e-03
   7.223599e-03
   2.500958e-02
   6.412075e-02
   3.783343e-02
   1.948508e-02
   1.611394e-02
   3.831960e-02
   2.456132e-02
   2.610080e-02
   2.154695e-02
   2.449270e-02
   1.508536e-02
   3.778297e-02
   1.892612e-03
   2.276384e-02
  -4.125705e-02
   1.511482e-02
   2.787313e-02
   2.400168e-02
   5.329997e-02
   3.980278e-02
   3.439431e-03
  -4.885146e-02
   5.601167e-03
   1.075970e-02
   3.422805e-03
   1.279421e-02
  -4.571419e-03
  -1.565841e-02
   2.231021e-02
   1.136171e-02
   1.723480e-02
   3.529289e-02
  -1.693171e-03
  -1.339127e-02
   2.792611e-02
   4.370245e-02
   1.381328e-02
   3.910083e-02
   9.674288e-03
   4.158370e-03
  -3.810953e-03
  -7.131046e-03
  -1.039742e-02
  -2.957075e-02
   4.657903e-02
  -2.611870e-02
   3.165467e-02
   9.728125e-03
  -3.832423e-02
   9.902082e-03
  -1.512995e-02
  -7.009231e-04
  -5.887594e-02
  -3.036709e-03
   1.030085e-02
   2.096493e-02
  -2.099984e-02
   7.796537e-03
   3.884369e-02
  -1.999934e-03
   2.475380e-03
  -4.717254e-03
   8.548553e-03
   2.996235e-02
   1.460084e-02
   3.341257e-02
   4.355984e-02
   2.997749e-02
   3.292729e-02
   1.149778e-02
   3.451025e-03
   1.878615e-02
  -2.506587e-03
   2.887393e-02
  -1.997326e-02
   6.899946e-03
   1.751940e-02
   7.869157e-03
  -3.395255e-03
  -9.788146e-03
   3.407469e-02
  -2.424326e-02
   2.743606e-04
   2.026955e-02
  -8.453580e-03
  -1.023984e-02
   1.767403e-02
  -1.128707e-02
  -6.272610e-03
   4.678956e-03
   2.948319e-02
   1.959382e-02
  -1.735945e-02
  -2.798886e-02
  -8.285682e-03
   1.953121e-02
   3.323176e-02
   5.039718e-02
   3.166498e-02
  -2.796203e-04
   3.203210e-02
   6.344864e-02
  -1.974360e-02
   8.043601e-03
   1.275285e-02
   1.986680e-02
   3.558557e-03
   5.962440e-02
   2.469408e-03
   4.347118e-02
   1.921195e-02
  -3.454337e-03
   2.025490e-02
  -2.465340e-02
  -3.050307e-02
  -1.490141e-02
   2.224585e-02
  -2.247675e-02
   2.169121e-02
   6.002966e-03
   2.517519e-03
   1.001788e-03
  -4.191111e-03
   3.129819e-02
  -1.095565e-02
  -4.551850e-03
  -8.001654e-03
   2.321642e-02
   1.249139e-02
   3.195703e-02
   3.298252e-02
   3.984633e-02
   2.655995e-02
   7.801410e-03
   3.078397e-02
   2.224112e-02
  -7.783918e-03
   2.473485e-02
   2.290278e-02
   2.462265e-02
  -1.748196e-03
  -2.216277e-02
   4.022621e-02
   1.868137e-02
  -2.648037e-02
   6.908766e-04
   2.031461e-02
  -5.541038e-03
  -6.940180e-03
   1.192332e-02
  -2.231912e-02
   3.200462e-02
   1.883568e-03
   4.184985e-03
   2.231180e-02
  -1.846518e-03
  -9.851454e-03
  -7.866606e-04
   2.111334e-02
   9.114674e-03
   2.659291e-02
   2.927497e-02
   2.951940e-02
   2.356121e-02
   1.783638e-02
   5.769294e-03
   1.312939e-02
   3.147581e-02
   4.191026e-03
   3.073773e-02
   7.080930e-03
   3.956209e-02
   2.988124e-02
   6.100798e-03
   7.677020e-03
   6.443396e-02
   3.437989e-03
  -5.525815e-03
  -3.096792e-02
  -2.063717e-02
   2.801125e-02
   1.212955e-02
  -1.499761e-02
   2.017588e-02
  -2.825312e-03
  -8.457217e-03
   2.942181e-03
  -6.038928e-03
  -1.781205e-02
  -2.172836e-03
   1.273577e-02
  -1.698574e-02
   5.817265e-02
   3.208071e-02
   2.630070e-02
   1.317910e-03
   1.545506e-02
  -8.923822e-03
  -1.551151e-02
   1.253014e-03
   1.929304e-03
   2.164381e-02
   5.938678e-03
   3.312024e-02
   4.629338e-02
   2.470177e-02
   1.703306e-02
  -4.196824e-03
   4.190878e-03
   2.102813e-02
  -2.460832e-02
   2.897656e-02
   2.560082e-02
   2.179280e-02
   3.094106e-02
   2.443727e-02
  -2.490348e-02
  -1.792260e-02
   3.953069e-03
  -1.042929e-03
   2.663002e-03
  -2.828401e-03
   4.140825e-02
   2.702488e-02
   7.907429e-03
   1.457454e-02
   3.286608e-02
   1.008095e-02
  -1.018962e-02
   1.098251e-02
   4.205100e-02
  -1.288155e-02
  -1.665134e-02
   2.189276e-03
   1.575364e-03
   4.068681e-02
   2.623929e-02
   2.171113e-02
   3.995028e-02
   4.980516e-02
  -8.660194e-03
   6.857993e-03
  -4.187244e-03
   1.680259e-02
   2.362268e-02
   2.657248e-02
  -5.544883e-03
   8.966206e-03
  -7.780319e-03
  -1.473860e-02
  -2.270005e-04
   4.031317e-03
   8.096880e-03
   2.312098e-02
   2.335022e-02
   3.592572e-02
  -2.549670e-03
   2.364965e-02
   3.718340e-02
   2.562758e-02
   1.615018e-02
   2.099249e-02
   2.312289e-02
   1.329991e-02
   3.451379e-02
   2.151402e-02
  -1.253844e-02
   2.465705e-02
   2.817160e-02
   1.144411e-02
  -6.443322e-03
   2.168092e-02
   1.500935e-02
   1.038178e-02
   4.306825e-02
   1.141280e-02
  -4.434166e-03
   8.465775e-03
   1.387055e-02
  -1.788927e-02
   1.274158e-02
   2.702504e-03
   1.010452e-02
   1.336388e-02
   2.154178e-02
   2.859619e-02
  -7.054072e-03
   6.783390e-03
   2.749684e-03
  -5.268924e-03
   2.063187e-02
   6.507294e-02
   2.981141e-02
   3.058618e-02
   4.095463e-02
   2.409657e-02
   2.199059e-02
   6.189144e-02
   2.081149e-02
   1.308146e-02
   1.038404e-02
   2.660775e-02
   1.949426e-02
   2.049915e-02
   3.663490e-02
   1.380267e-02
   4.207365e-03
   3.973983e-03
  -3.671947e-02
  -2.145765e-03
   1.836611e-02
   6.470712e-03
   8.521256e-03
   1.338995e-03
   1.670095e-02
   1.672502e-02
   1.856236e-03
   8.211223e-03
  -1.217237e-02
   2.590808e-03
   1.071819e-02
   1.636801e-02
   2.902401e-02
   4.050595e-02
   4.807983e-02
   2.987225e-02
   1.095075e-02
  -6.257824e-03
   1.281169e-02
  -1.108507e-02
   7.994391e-03
  -1.433441e-03
   4.014935e-03
   1.547184e-02
   3.831836e-02
   4.186517e-03
   1.489728e-02
   3.090671e-02
   2.075198e-02
   7.507601e-02
   2.272160e-02
   3.220313e-02
   2.975087e-02
   1.893529e-02
   6.351473e-03
  -7.206773e-03
   3.863525e-02
   1.928395e-02
   8.210535e-03
   1.456483e-02
   5.740174e-04
   1.316140e-02
   2.116425e-02
   1.078799e-02
   7.959587e-03
   1.984703e-02
  -5.487736e-03
   1.669076e-02
   2.048351e-02
   3.576682e-03
  -3.495639e-03
   3.836598e-02
   2.368459e-02
   1.280296e-02
   1.615773e-02
   1.346773e-02
   1.329354e-02
  -8.496542e-03
   3.613515e-02
  -2.430521e-04
   1.883020e-02
  -3.472300e-02
   8.383636e-03
   4.448164e-02
   3.629601e-02
   6.289689e-05
   1.449185e-02
   3.185254e-02
   1.442815e-02
  -1.453510e-03
   1.417577e-02
   2.014101e-02
  -1.325780e-02
   2.525774e-02
   1.402176e-02
  -2.339895e-03
   8.248014e-03
   1.912435e-02
   1.895034e-03
   2.189500e-02
   2.989117e-02
   1.604743e-02
   2.327247e-02
   2.405542e-02
  -8.676972e-03
   3.947901e-03
  -3.136675e-03
   8.947812e-03
   2.399738e-02
   3.184059e-02
   6.739943e-03
   8.536162e-03
   8.716104e-03
  -5.434758e-03
  -2.283435e-02
  -5.735962e-03
   2.852117e-02
   1.354283e-02
   1.970051e-02
  -2.708944e-02
  -1.132167e-02
   1.306014e-02
   7.330721e-03
   4.856692e-04
   4.644884e-03
   3.770777e-02
   1.247825e-02
   1.107003e-02
   1.228141e-02
   1.752617e-02
   2.025701e-02
   1.676597e-02
   1.177786e-02
   7.449383e-03
   2.583852e-02
   4.326021e-02
   8.010199e-02
   1.480229e-02
   1.360153e-02
   4.491324e-02
   2.565485e-02
   4.220642e-02
   2.430492e-02
   1.893165e-02
   9.248662e-03
   9.822824e-05
   3.901528e-03
   3.421462e-02
   5.760914e-03
   1.088718e-02
   1.029414e-02
   3.985815e-02
   6.217858e-03
   1.518075e-02
   7.330721e-03
   3.908195e-03
   4.276540e-03
   2.410796e-02
   3.033955e-02
   2.307175e-02
   2.288550e-02
   1.944963e-02
   1.909703e-02
   1.793150e-02
   1.400902e-02
   2.264945e-02
   2.937204e-02
   5.449010e-02
   2.182849e-03
   1.907485e-02
   1.094002e-02
   2.408950e-02
  -8.497660e-03
   2.117963e-02
   2.934165e-02
   2.208214e-02
   1.753185e-02
  -1.875538e-03
   1.279107e-02
   4.291875e-02
   2.770236e-02
  -2.462870e-02
  -2.926927e-02
  -2.882560e-02
  -9.882908e-03
   2.626427e-02
   7.330721e-03
   5.619458e-03
   4.947999e-03
   1.644409e-02
   1.468334e-02
   2.746737e-02
   3.673921e-02
   1.256623e-02
   1.758445e-02
   7.703423e-03
   3.677276e-03
   1.578802e-02
  -1.075425e-02
  -1.166556e-02
   7.704737e-03
   1.096464e-02
  -1.300581e-02
   3.448617e-02
   4.943542e-02
   2.166810e-02
   1.759267e-02
   1.797313e-02
   4.067212e-02
   3.713165e-02
   1.856195e-02
   1.560363e-02
  -4.840497e-03
   1.792280e-02
   3.732356e-02
  -2.641599e-03
  -1.468858e-02
  -3.154124e-02
   7.330721e-03
   6.475090e-03
   1.115338e-02
   2.203705e-02
   1.155586e-02
  -2.052828e-03
   2.397005e-02
   1.956068e-02
  -3.002833e-02
  -8.379542e-03
  -1.635704e-02
   3.830586e-02
   2.521299e-02
   1.429481e-02
   2.933701e-02
   6.067089e-03
   1.594319e-02
   1.990662e-02
   2.394550e-02
   1.816615e-02
   8.884836e-03
   1.405901e-02
   2.736557e-02
   2.342011e-02
   5.763125e-03
   5.774312e-03
   1.297267e-02
   1.597981e-02
  -1.389744e-02
   1.516506e-02
   2.382380e-04
  -1.565150e-02
   9.435943e-03
   2.510185e-02
  -2.691422e-03
   1.361565e-02
   1.451929e-02
   8.562766e-03
   1.799959e-04
   2.035645e-02
  -3.876090e-03
   2.714898e-02
   9.617398e-03
   3.461768e-02
   1.254169e-02
  -9.257207e-04
   3.300730e-02
   6.790626e-03
   3.377947e-02
   1.680525e-02
   7.630767e-03
  -9.915572e-04
  -1.422105e-03
   2.051037e-02
   9.604474e-03
  -1.444198e-03
   1.305797e-02
   1.532058e-02
   2.307771e-02
   9.520467e-03
   1.129386e-02
   5.961214e-03
   2.005949e-02
   2.005949e-02
  -6.229961e-03
   2.813147e-02
   6.724583e-03
   1.090831e-02
   1.816417e-02
   3.003331e-02
   1.107066e-02
  -8.361375e-03
   1.087623e-02
   2.574763e-02
   3.466788e-02
   2.357103e-02
   3.007766e-02
   1.563224e-02
   1.442469e-02
  -1.776206e-03
   3.021595e-02
   1.124200e-03
   7.078610e-03
  -9.197279e-04
  -8.846236e-03
   3.473419e-04
   9.747253e-03
   2.042731e-02
   2.529754e-02
   2.418024e-02
   2.420518e-02
   4.973088e-03
   1.839990e-02
   8.131465e-04
  -2.388869e-03
   1.215081e-02
  -7.337780e-03
   5.762005e-03
  -9.450031e-03
   1.192562e-02
   3.052262e-02
   2.766221e-02
   2.243071e-02
   7.897625e-03
   1.086023e-02
   2.189759e-02
   2.908490e-02
   4.018662e-02
   1.855602e-02
   3.602945e-02
   1.083543e-02
   2.223700e-02
   2.076515e-02
   2.137443e-02
   3.825832e-02
   1.845861e-02
   1.769714e-03
   4.548969e-02
   4.274157e-02
   6.958943e-03
   1.753976e-02
   3.189769e-02
   5.354196e-03
   5.423940e-03
   3.199567e-02
   1.160989e-02
  -1.037806e-03
   1.878183e-02
   3.152383e-02
   1.217730e-02
   3.007415e-04
  -1.825047e-03
   1.771339e-02
   2.896366e-02
   1.625917e-02
   6.660929e-03
   5.362488e-02
   3.138286e-02
   3.387826e-02
   1.582003e-02
   2.046763e-02
   2.208030e-02
   1.668153e-02
   2.046081e-02
   3.234932e-02
  -8.137729e-03
   5.528795e-02
   3.472612e-02
   3.413148e-02
   6.304172e-03
   3.431324e-02
   5.344554e-02
   6.004863e-03
   1.056542e-02
   5.770791e-03
   1.467444e-03
   1.160632e-02
   1.106513e-02
   1.098562e-02
   2.677878e-02
   9.284634e-03
   1.671187e-03
   1.179535e-03
   1.566677e-03
   3.250172e-02
   4.151537e-02
   6.981370e-03
   3.246082e-02
   2.256559e-02
   1.613071e-02
   4.005646e-02
   3.030949e-02
   2.009616e-02
   1.514259e-02
   1.933720e-02
  -3.256856e-03
   3.103418e-02
   5.160911e-03
  -7.413713e-03
   5.160609e-02
  -6.106986e-03
   1.446320e-02
   3.476167e-02
  -6.965069e-03
   3.771749e-02
   2.737522e-03
   5.696103e-03
  -1.012942e-02
  -2.750753e-03
   1.005870e-02
  -1.789723e-02
   1.949137e-02
   1.640709e-02
   2.600854e-02
   4.456855e-04
  -2.585102e-02
   1.610074e-02
   2.111678e-02
  -1.311424e-02
   5.501824e-02
   3.686852e-02
   3.264582e-02
   2.105966e-02
   3.505198e-02
   1.446492e-02
   5.315480e-03
   4.878155e-02
   2.108602e-02
   1.789792e-02
   8.973598e-03
  -7.306734e-03
   2.861865e-02
   8.139049e-03
   2.289393e-02
   3.880392e-02
   3.160587e-02
   1.695819e-02
  -7.455237e-03
   1.155511e-02
   2.579351e-02
  -8.331488e-03
  -1.485873e-02
  -7.721406e-03
   5.266665e-03
   3.235083e-02
   1.668762e-02
   1.097422e-02
   3.742282e-02
   3.663548e-02
   1.804912e-02
   7.744094e-04
   3.318198e-03
   3.724442e-02
   4.998420e-02
   2.899368e-02
   2.747245e-02
  -5.393446e-03
   9.412684e-03
  -9.124488e-03
   4.511696e-03
   1.573555e-03
   2.014230e-02
  -4.012804e-03
  -1.304047e-03
  -1.284940e-02
   3.638411e-02
   2.281152e-02
  -6.753475e-03
   5.964653e-03
   2.987260e-02
   1.241494e-02
   2.338545e-02
   1.219986e-02
   1.367262e-02
   2.393382e-02
   9.337476e-04
   2.218670e-02
  -8.296510e-03
  -1.065926e-02
   1.172582e-02
   6.404207e-02
   1.412088e-02
  -5.155434e-03
   7.885827e-03
   2.952801e-02
   4.345377e-02
   1.745842e-02
   4.706527e-03
   1.981164e-02
   3.241948e-02
   4.490349e-02
   1.793232e-02
   4.381773e-03
   3.712559e-03
  -2.758273e-02
   3.039166e-02
   2.997878e-02
   3.554575e-02
   7.865816e-03
  -4.033066e-02
   1.052564e-02
   4.124444e-03
   3.052443e-02
   3.013778e-02
   2.007285e-02
   1.056245e-02
   2.528932e-02
   8.409345e-03
  -8.945558e-03
  -6.239669e-03
   3.236274e-02
   1.202680e-02
   1.537137e-02
   1.760499e-02
   2.332273e-02
  -4.621356e-03
   1.343235e-02
   1.661027e-02
   3.242269e-02
   4.454799e-02
   4.751398e-02
  -1.448740e-02
  -2.007806e-02
   7.676202e-04
   1.797153e-02
   2.546652e-02
   2.800019e-02
   1.859120e-02
   2.533821e-02
   1.478167e-02
   1.343666e-02
   1.158051e-02
  -7.456217e-03
   2.117550e-02
   1.303125e-02
  -7.550891e-03
   2.254717e-02
   8.034813e-03
  -1.867817e-02
  -2.068689e-02
  -1.331724e-02
   4.082031e-02
   8.036145e-03
  -4.417455e-03
   5.069493e-02
   3.158900e-02
   3.242326e-02
   3.191140e-02
   1.221248e-02
   4.019928e-02
   3.631099e-02
   2.343420e-02
   1.729956e-02
   4.108394e-02
   2.233015e-02
  -1.275531e-02
   2.309293e-02
   1.157310e-02
   9.908655e-03
  -2.618252e-03
   2.744466e-02
  -1.519395e-02
   1.104305e-02
   2.252108e-02
   1.767648e-02
   1.396305e-02
   1.399441e-02
   1.038071e-02
   1.260042e-02
   8.864156e-03
  -4.254406e-02
  -9.947844e-03
  -5.655909e-03
   3.670937e-02
  -4.272290e-03
   4.463775e-02
   1.066928e-04
   2.563281e-02
   4.633389e-02
   2.187344e-02
   1.910641e-02
   8.133625e-03
   1.304888e-02
  -4.421714e-03
   4.664132e-02
   5.225111e-02
   1.550080e-02
   8.657044e-03
  -3.757479e-03
  -1.217572e-02
  -1.260870e-02
   3.710286e-02
  -1.846727e-02
  -8.388364e-04
   2.340842e-02
   4.186586e-02
  -1.011093e-02
   2.148823e-03
   2.159193e-03
   2.469862e-02
   8.609661e-03
   1.046108e-02
  -5.052998e-03
   2.871951e-02
   1.274576e-03
   1.811112e-02
   1.123459e-02
   2.793617e-02
   2.122486e-02
   5.333199e-02
   3.889135e-02
   1.626390e-02
   3.164098e-02
   1.509180e-02
   1.217264e-02
   2.371384e-02
   3.327855e-02
   6.415781e-02
   4.127909e-02
   3.026759e-02
   9.761840e-03
   3.024154e-03
   2.486919e-02
  -6.061752e-03
   2.418468e-02
  -1.020911e-02
  -2.290050e-03
  -3.579881e-02
   1.662281e-02
   2.583980e-03
   3.475164e-03
   5.627096e-03
  -4.298502e-04
   1.882262e-02
  -1.684852e-02
  -1.268020e-03
  -1.053021e-03
   1.509187e-02
   1.986494e-02
   1.549498e-02
   3.524591e-03
   1.705410e-03
   2.219750e-03
   1.881938e-02
   2.101798e-02
   1.729989e-02
   4.600848e-02
   2.118968e-02
   2.723411e-02
   3.964074e-02
   4.417866e-02
   4.086663e-02
   9.513097e-03
  -9.555892e-03
   4.546708e-03
  -5.187955e-03
   2.337064e-02
   7.441211e-03
   1.343930e-02
   2.406466e-02
   1.796976e-02
   8.466411e-04
   3.530386e-03
  -2.592550e-02
   8.760018e-03
   1.909414e-02
   8.292631e-03
   6.457146e-03
  -9.386792e-03
   2.344447e-02
   4.941754e-04
   1.065421e-02
   2.850884e-02
  -5.240436e-04
   8.939969e-03
   3.577591e-02
   2.796051e-02
  -1.959015e-03
   3.287978e-02
   5.368179e-03
   1.853155e-02
   2.299237e-02
   1.659464e-02
   2.333012e-02
  -4.414614e-03
   4.566359e-03
   3.836872e-03
  -1.223966e-03
   2.528119e-02
   3.164010e-03
   2.039636e-02
   4.075098e-02
   2.522829e-04
  -1.425601e-02
   2.274361e-02
   1.531437e-03
  -3.199626e-03
   9.861285e-03
   1.067556e-02
   1.234683e-02
   1.245836e-02
   5.271968e-02
   2.514290e-02
   3.164165e-02
   2.598143e-02
   2.185325e-02
   2.250442e-02
  -6.726686e-04
   1.287333e-03
   5.354167e-03
  -9.509805e-04
   2.208599e-03
   1.037008e-02
   7.738332e-03
   3.235997e-03
  -7.742802e-03
  -8.163692e-03
   2.839907e-02
  -9.971799e-03
   1.153787e-02
   1.788387e-02
  -1.668177e-02
   2.423114e-02
   1.878048e-02
   1.099524e-02
  -2.416394e-02
   4.931826e-02
   1.250727e-02
   4.653820e-03
   1.183774e-02
   1.220152e-02
  -2.496191e-02
   2.651948e-02
   1.396980e-02
   1.968166e-02
   2.535939e-02
   2.185644e-02
   2.053452e-02
   4.791885e-02
   1.923358e-02
   2.051167e-02
   2.303933e-02
   3.021096e-02
   2.024179e-02
   1.408147e-02
  -5.645114e-03
  -4.908893e-03
  -1.231756e-02
   1.117859e-02
  -2.524534e-02
   5.404729e-04
  -9.749641e-03
   7.642416e-03
   2.646074e-02
   6.230672e-03
  -8.554315e-04
   1.618929e-02
  -2.915206e-02
  -1.296882e-02
  -2.081667e-03
   1.568722e-02
   2.063434e-02
  -2.899765e-02
  -3.610313e-02
   2.881066e-02
   2.030142e-02
  -7.021609e-04
  -4.208956e-02
   2.481129e-02
  -9.072023e-04
   1.515488e-02
   7.939235e-03
   4.207297e-03
   1.391248e-02
   6.854454e-02
   2.830581e-02
   3.135912e-02
   6.375479e-02
   2.040629e-02
   1.520422e-02
   1.702393e-02
   8.655383e-03
   5.921987e-03
   3.859739e-02
   1.412134e-02
   1.855489e-02
   1.521971e-02
  -1.177492e-02
   7.608568e-03
   2.075541e-02
   3.780070e-04
  -5.783451e-03
   3.954240e-02
   2.279762e-02
   3.961343e-02
  -1.406841e-02
   2.099468e-02
   1.460107e-02
   1.441426e-02
   1.185592e-02
   1.263897e-02
   2.579350e-02
   5.668646e-03
   1.033573e-02
   1.006822e-02
   4.153992e-04
   3.756916e-02
  -1.110148e-02
   4.888593e-02
   2.304661e-02
   7.575035e-03
   2.777660e-03
  -7.229875e-03
  -3.826940e-03
   9.164148e-03
  -7.378640e-03
   7.025185e-03
   1.012159e-02
  -2.888323e-02
   3.565366e-02
  -1.976716e-02
   3.392832e-02
  -4.911136e-04
  -7.416427e-03
   9.101261e-03
  -3.801262e-03
  -1.352896e-02
  -1.360444e-02
   1.317871e-02
   2.507115e-03
   3.190221e-02
   2.218000e-02
   3.949589e-02
   2.968131e-02
   2.926034e-02
   1.766681e-02
   2.400253e-02
   4.427256e-02
   1.443756e-02
   1.910545e-02
   4.451168e-02
   3.442401e-02
   3.164108e-02
  -4.438744e-03
  -1.211146e-02
  -2.589742e-02
  -4.589759e-03
   2.335812e-02
   2.743409e-02
  -5.754830e-03
  -9.357698e-03
   2.332559e-02
   2.359429e-02
  -1.436823e-02
   2.810324e-02
   2.105465e-02
   8.080328e-03
   4.643172e-03
   9.650449e-03
  -1.321594e-02
   1.476869e-02
   1.635867e-02
   2.311689e-02
   5.465984e-03
   1.006968e-02
   3.459186e-02
   6.402460e-02
   1.392136e-02
   4.069636e-05
  -3.780180e-02
   4.584169e-02
   5.227450e-03
   3.265330e-02
  -1.609024e-03
   7.913266e-03
  -1.939275e-03
   1.224462e-02
  -1.323561e-03
  -2.498389e-02
   8.575590e-03
   9.299216e-03
  -1.147664e-03
  -8.888262e-02
  -2.102185e-02
   1.062335e-02
   2.359500e-02
  -1.499558e-02
  -6.713092e-03
   6.936492e-03
  -6.079169e-03
  -6.902091e-03
   4.245887e-03
   1.228940e-02
  -4.849404e-03
   1.528071e-02
   1.392048e-02
   1.597167e-02
   2.528177e-02
   3.277180e-02
   2.255929e-02
   1.557998e-02
   1.834093e-02
   9.447539e-03
  -2.367958e-03
   3.751874e-02
   3.091161e-03
  -4.258049e-03
   2.386909e-02
   2.632683e-02
   1.422818e-02
   6.346657e-03
   2.662891e-02
  -3.691191e-02
   1.181499e-02
  -3.499941e-02
  -2.915372e-02
   2.423573e-02
   3.302306e-02
   6.781966e-03
  -2.902694e-02
  -1.578430e-02
  -2.899425e-02
  -1.513732e-02
  -1.189034e-02
   2.694892e-02
   7.447669e-03
   1.727078e-03
   2.101474e-02
   2.392485e-02
   2.025228e-02
   9.009024e-03
   2.098470e-02
   2.137899e-02
  -2.796238e-02
  -2.402451e-02
   1.302808e-03
   1.182970e-02
  -1.786169e-02
   3.624410e-02
   2.226981e-02
   3.638159e-02
   2.920675e-02
  -1.575423e-02
  -4.134690e-02
  -3.046055e-02
  -1.562865e-02
  -2.515981e-04
   2.211788e-02
   8.876823e-03
  -7.535012e-03
   3.515623e-03
  -4.015551e-03
  -1.205250e-02
  -4.536994e-03
  -1.276259e-02
  -1.232647e-02
  -1.025817e-02
   5.964081e-03
   6.570124e-03
   1.296173e-02
   2.055384e-02
   2.279349e-02
   3.185852e-02
   3.234857e-02
   1.395375e-02
   1.657998e-02
   5.867386e-02
   1.977400e-02
   9.373223e-03
  -1.501987e-02
  -3.657113e-02
  -7.415533e-03
   1.765370e-02
   3.701049e-02
  -5.722342e-02
  -1.019451e-02
  -6.985210e-02
  -6.509438e-02
  -3.644169e-02
  -2.047990e-02
  -3.311306e-03
  -8.020215e-03
   4.250627e-03
   2.747046e-02
   1.462098e-02
   2.708814e-02
   6.039998e-03
  -9.389963e-03
   4.687910e-02
   5.933155e-02
   1.595879e-02
   2.278893e-02
  -2.229440e-03
   5.511225e-03
   3.667890e-02
   3.301022e-02
  -8.933538e-03
   2.165470e-02
  -6.171543e-04
   9.561037e-03
  -2.511794e-02
   5.798945e-03
   2.696864e-02
   3.492181e-02
   2.417901e-02
   1.323946e-02
  -2.802317e-02
  -1.910884e-02
  -4.474130e-02
  -2.719197e-02
  -2.878981e-02
   1.050702e-02
   2.555856e-02
  -2.646152e-03
  -1.620151e-02
  -5.983823e-03
   1.122015e-02
   1.403425e-02
   3.794449e-03
  -2.188342e-02
   1.508638e-02
   3.731582e-02
  -2.485543e-02
   2.190278e-02
   2.236008e-02
  -9.385122e-04
   2.719570e-02
   2.070734e-02
   3.894095e-02
   3.533807e-02
   4.541854e-02
   3.408427e-02
  -6.964378e-03
   3.636494e-02
   2.037301e-02
  -2.214568e-03
   1.357087e-02
   3.629422e-04
  -2.069859e-02
  -3.396309e-02
  -6.281230e-02
  -5.500741e-02
  -3.650211e-02
  -8.283812e-03
   2.804474e-02
  -1.192144e-02
   2.441253e-02
  -5.965801e-03
  -5.934784e-04
  -2.529066e-03
   7.399601e-03
   3.177390e-03
   6.179559e-04
   2.400846e-02
   2.005573e-02
   1.349153e-02
   1.461381e-02
  -9.691096e-04
   2.360259e-02
   2.297175e-02
   1.989169e-02
   1.838317e-02
  -8.024759e-05
   2.411891e-02
   6.692606e-03
   2.663705e-02
   2.792503e-02
   2.528897e-02
  -3.156808e-02
  -4.396305e-02
  -3.443554e-02
  -3.323263e-02
  -2.293838e-02
  -6.735733e-02
  -2.614807e-02
  -2.776223e-02
  -1.722044e-02
  -2.721724e-02
  -6.232570e-03
  -3.632611e-02
  -7.034788e-03
  -2.102797e-02
   2.515563e-02
   1.802135e-02
   1.933115e-02
   3.804434e-02
   1.003571e-02
  -1.483922e-03
   2.357273e-02
   9.891837e-03
   4.749785e-03
   2.768539e-02
   2.822853e-02
   9.485541e-03
  -1.956941e-02
  -4.464586e-03
  -1.794326e-02
   1.261853e-02
   3.940109e-02
   2.179280e-02
   6.883596e-04
  -1.645650e-03
   1.111928e-02
  -3.169601e-03
  -4.845104e-03
   2.633152e-02
   9.109876e-03
   2.431784e-02
  -6.482829e-03
  -3.741593e-02
  -3.447110e-03
  -8.325069e-03
  -1.014110e-02
   1.822685e-02
   7.705081e-03
  -1.715608e-02
   1.645954e-03
  -1.603924e-02
  -1.647330e-02
  -3.726936e-02
   3.089878e-02
   1.221394e-02
   6.426200e-03
   2.314870e-03
   2.478434e-02
   1.089987e-02
   4.348949e-02
   9.426739e-04
  -2.225543e-02
  -1.029815e-03
  -1.534544e-03
   1.195415e-02
   2.221430e-02
   2.557281e-02
   1.107586e-02
   8.740659e-03
  -1.602260e-02
   7.794754e-03
  -1.009169e-02
   1.671718e-02
  -5.147105e-03
  -6.924785e-02
   2.161975e-03
   8.089364e-03
  -4.343140e-02
   4.067302e-03
   4.593924e-03
  -5.494407e-04
   1.439262e-02
   2.713929e-02
   1.767899e-02
   1.889673e-02
   4.719754e-03
   8.341515e-03
   5.890147e-03
   2.902725e-03
   2.783672e-02
   2.360789e-02
  -2.837116e-03
  -1.299878e-02
   1.651074e-04
   7.052183e-03
   1.644050e-02
   5.344053e-03
  -5.608536e-04
   1.947732e-02
   1.205626e-02
   1.635054e-02
   1.246513e-02
   3.096179e-02
   1.010914e-03
  -1.783736e-02
   6.128267e-02
  -3.496306e-03
   2.824132e-02
  -6.032453e-03
  -1.590064e-02
  -3.924963e-02
  -2.083975e-02
  -5.413346e-03
   1.439262e-02
   2.076596e-02
   1.922247e-02
   2.519747e-02
   3.747321e-02
   8.090847e-03
   1.927411e-02
   4.337139e-03
   1.193795e-02
   1.777292e-02
  -8.484555e-03
  -2.542514e-02
   2.886245e-02
   5.419630e-02
   1.673305e-02
   5.543887e-02
   6.575314e-03
   4.285886e-03
   1.321338e-03
   5.155790e-03
   1.857076e-02
   1.531277e-02
  -4.633260e-03
  -2.202157e-02
   2.796255e-02
  -2.943954e-02
  -6.364104e-03
   7.252178e-03
   2.511091e-02
  -1.968155e-02
  -2.786353e-02
   5.149147e-03
   1.439262e-02
   1.757929e-02
   1.840088e-02
   1.216802e-02
   6.024866e-03
   9.583079e-03
   5.877829e-02
  -1.885729e-02
   3.639983e-03
   7.344291e-03
  -2.344888e-02
   6.883620e-02
   3.353310e-02
   7.219990e-03
   4.268423e-03
   2.372458e-03
  -3.286265e-02
  -1.728450e-02
  -2.913300e-03
  -1.561948e-02
   2.678666e-02
  -3.594245e-03
  -1.283515e-02
   2.038691e-02
   2.587671e-02
  -7.047289e-03
   5.730112e-03
  -3.089389e-04
   2.260029e-02
  -2.418004e-02
  -2.015755e-02
  -8.429088e-03
   1.439262e-02
   1.598596e-02
   1.114523e-02
  -9.511544e-04
   4.696607e-03
   9.016110e-03
   3.045436e-02
  -2.801569e-03
   5.545894e-03
   3.141314e-02
   8.144599e-03
   5.376618e-03
   5.898958e-02
   1.898592e-02
  -9.251808e-03
  -3.278573e-03
   1.145607e-02
  -9.397336e-03
  -1.901376e-02
  -3.095482e-03
   2.534680e-02
  -1.881937e-02
  -1.582726e-02
   1.128010e-02
   2.928065e-02
  -3.035643e-02
   8.578792e-03
  -1.785308e-02
   2.528968e-03
  -5.825469e-03
  -1.299151e-02
  -1.071030e-02
