  -1.730380e-02
  -1.775494e-02
   2.571375e-02
  -1.600644e-02
   1.195440e-02
   1.247248e-02
   9.255290e-03
   8.204516e-04
  -7.914908e-03
  -4.642074e-03
  -5.906700e-03
   5.374503e-03
   2.599834e-02
  -1.745115e-03
   2.804304e-02
  -1.852180e-03
   1.223048e-04
  -1.167968e-02
   5.264025e-03
   1.143457e-02
   7.864237e-03
  -1.343879e-02
   4.092214e-03
  -3.372428e-03
   6.086198e-03
   1.511064e-02
  -2.781942e-02
  -2.261478e-02
  -6.564690e-03
   1.658485e-02
   7.121306e-03
   7.121306e-03
  -1.685266e-02
   1.818147e-03
   3.490528e-03
  -9.546517e-03
  -1.583102e-02
   1.052520e-02
   7.298543e-03
   9.108391e-04
  -5.113489e-03
   1.576542e-02
   1.487096e-02
   3.435748e-03
   3.825651e-02
   1.783281e-02
  -5.646285e-03
  -2.251573e-03
  -4.443119e-02
  -1.408810e-02
   1.603718e-02
   1.234750e-02
   9.570742e-03
   2.125368e-02
   2.908786e-02
  -1.583215e-02
   6.520379e-03
   8.136917e-03
   3.058505e-03
   1.655251e-02
  -1.366413e-02
  -7.552940e-03
   1.145768e-02
  -3.539208e-03
  -1.670765e-02
  -1.342750e-02
  -4.023272e-03
  -1.028256e-02
   4.200002e-02
   2.034269e-02
   8.502843e-03
   7.969871e-03
   2.672206e-02
   6.096884e-03
  -2.419683e-02
   2.537729e-03
  -1.745291e-03
  -1.684685e-02
  -6.620942e-02
  -1.060365e-02
  -8.868332e-03
  -7.677360e-03
  -3.362973e-03
  -3.470913e-03
  -1.481594e-02
   2.625715e-03
   2.317276e-02
  -3.413357e-03
  -4.774062e-04
   7.858139e-03
   5.713890e-03
   5.074489e-03
  -1.405681e-03
   5.100385e-03
   8.230358e-03
  -2.919661e-02
   2.757531e-02
  -7.968664e-03
   4.780129e-03
   2.633232e-02
  -1.163421e-02
   1.041155e-02
   6.830481e-03
  -4.256259e-03
   1.659223e-02
   2.398496e-02
   4.563193e-02
  -1.074389e-02
   2.358820e-02
   6.085285e-03
   1.478865e-02
  -5.338145e-03
   5.125626e-03
  -1.154006e-02
   1.148955e-02
  -8.052242e-03
  -1.292033e-02
  -1.668925e-02
  -2.742037e-03
  -1.127423e-02
  -1.287479e-02
   3.357153e-03
   6.024303e-04
   2.603813e-02
   8.782206e-03
   4.645274e-03
   2.354097e-03
   2.728098e-02
  -2.297303e-02
  -1.414055e-02
  -1.792088e-03
   3.984158e-03
   3.729298e-02
   2.252617e-02
   1.266379e-02
  -1.516947e-03
   1.188299e-02
   2.761878e-02
   2.109587e-03
   1.140168e-03
   1.406068e-02
   2.811149e-03
  -8.657417e-03
  -8.484824e-03
  -6.745303e-03
  -5.774334e-03
   9.623617e-04
  -3.701272e-02
  -4.040319e-03
  -1.041908e-02
  -6.177431e-03
  -1.677176e-02
   2.427900e-02
   7.408101e-03
  -3.269945e-02
   2.897227e-02
  -9.548023e-03
   2.344408e-03
  -1.524997e-02
  -7.180171e-03
   1.627862e-02
   6.975932e-03
  -1.624000e-03
  -1.005584e-02
   6.537712e-03
   8.350136e-03
   1.667715e-02
   1.666199e-02
  -9.174592e-03
  -5.064470e-02
  -5.285895e-03
   1.205481e-02
   2.870321e-02
  -9.064742e-03
  -4.374464e-02
   2.573330e-02
   8.760840e-03
  -5.930392e-03
  -3.929459e-03
   6.549665e-03
  -2.768116e-03
  -1.476934e-02
  -6.396911e-03
  -9.176067e-03
  -6.143927e-03
  -1.942677e-02
  -7.203112e-03
   2.052198e-02
  -2.165722e-04
   3.916061e-03
   2.751511e-02
  -3.006182e-02
  -8.383947e-04
   5.104075e-03
   7.135439e-03
  -2.495338e-02
  -9.436427e-03
  -9.513902e-03
   8.247152e-04
   1.332651e-03
  -1.459865e-02
   1.194798e-02
   7.547772e-03
   3.189656e-02
  -8.569439e-03
   1.441103e-02
  -2.125192e-02
   3.925300e-03
   7.294526e-03
  -2.277861e-02
  -1.447755e-02
  -1.627086e-02
   1.187527e-03
  -9.608475e-03
  -1.517885e-03
   1.145173e-02
  -2.025187e-02
   7.215763e-03
  -3.804741e-03
  -7.627393e-03
  -1.551449e-03
  -1.953287e-02
  -3.662450e-04
   6.992089e-03
   2.998981e-03
   9.174688e-03
   5.001506e-02
   3.979884e-05
   5.006048e-02
   3.010122e-02
  -5.197039e-03
  -1.638945e-02
  -1.363188e-02
  -9.907547e-03
  -8.367558e-03
   1.511194e-02
  -1.808597e-02
  -3.738252e-02
   3.407329e-03
   1.061461e-03
  -4.148247e-03
  -3.857125e-02
  -1.493125e-02
   5.836163e-03
   1.407445e-03
  -4.616022e-03
  -1.327145e-02
  -2.939675e-02
  -2.194592e-02
   1.889635e-02
   8.335604e-03
  -1.502735e-02
   2.117104e-02
  -1.003684e-02
  -1.198340e-02
  -8.704978e-03
  -2.961081e-02
   8.418410e-03
   7.315976e-03
  -3.159467e-04
  -1.002656e-02
   4.701565e-03
  -5.969960e-03
   2.003097e-02
  -8.897768e-03
  -9.873920e-03
  -2.057163e-02
  -2.671795e-03
  -4.150387e-02
  -4.556331e-02
  -7.449104e-02
  -2.990980e-02
  -2.338896e-03
   9.900048e-03
  -5.146378e-02
  -2.200660e-02
  -9.062675e-03
  -8.289550e-03
  -1.755515e-02
  -5.458592e-03
  -3.608133e-02
  -5.064880e-03
  -3.204827e-02
   1.381948e-02
  -6.515151e-03
   2.532216e-02
  -6.310027e-03
  -2.081417e-02
  -1.378754e-02
   1.582420e-02
  -6.382672e-03
  -1.770050e-02
  -2.855413e-02
   1.574414e-03
   2.685085e-02
  -2.383116e-02
  -3.211624e-02
  -6.432969e-03
  -1.350230e-02
  -2.573515e-02
  -5.534505e-02
  -3.890561e-02
   2.734539e-02
  -4.387074e-02
  -1.474882e-03
   6.281021e-03
   4.577074e-03
  -2.039218e-02
  -6.588871e-03
  -1.924355e-03
   8.688343e-03
   2.308046e-03
   9.497136e-03
   2.572373e-03
   1.145715e-02
  -3.630975e-03
  -7.869748e-03
  -1.506136e-02
   9.146905e-04
  -2.667861e-03
  -1.164599e-02
   4.234007e-03
   1.137634e-02
   1.229800e-02
   4.958102e-02
   3.299373e-03
   2.269548e-02
   1.537533e-02
  -3.037039e-02
  -1.863791e-02
  -1.781315e-02
  -3.142144e-02
   7.569495e-02
  -3.679720e-02
  -2.048069e-02
  -7.410920e-03
  -1.665947e-02
   1.212184e-02
  -4.035009e-02
  -5.277808e-03
   2.656103e-02
   2.564913e-02
   5.192483e-02
  -2.340650e-02
  -1.321132e-02
  -4.744834e-03
  -1.461547e-02
  -3.616955e-02
  -6.271505e-03
   1.523019e-02
   1.409756e-02
   3.196175e-02
  -1.681929e-03
  -1.661054e-02
   1.264446e-02
   1.247123e-02
   1.924311e-02
  -1.115221e-02
  -3.405161e-02
   2.672507e-02
  -4.015472e-02
   1.962726e-02
  -7.690943e-03
  -1.286572e-02
  -3.783061e-03
  -3.956030e-02
  -4.057593e-02
  -2.627278e-02
  -1.341900e-02
  -1.059588e-02
   2.637953e-02
   7.199620e-02
   1.161353e-02
  -3.302167e-02
  -1.275550e-02
  -4.877279e-02
   6.142955e-03
   6.275078e-03
  -6.741201e-03
  -2.065330e-02
   1.127873e-02
   1.391325e-02
   8.283592e-03
   6.042441e-03
  -5.903133e-03
   7.065899e-03
   4.316758e-02
   1.767138e-02
   2.607238e-02
  -1.803279e-03
  -2.995480e-02
  -2.329647e-03
  -3.615121e-02
   4.895914e-03
   3.153092e-02
  -9.460715e-04
  -2.364566e-03
  -3.123662e-02
  -6.168681e-02
  -3.083150e-02
  -1.478580e-04
  -8.340490e-03
  -4.425845e-02
   1.048623e-02
   3.673906e-02
  -9.580629e-03
  -2.115236e-02
  -2.111258e-02
  -2.860893e-02
  -1.332614e-02
   2.028888e-03
   2.156482e-02
   1.705713e-02
  -3.191158e-03
  -2.828884e-02
   2.843587e-03
  -2.144102e-02
   7.609681e-03
   4.648761e-02
  -1.102569e-02
   6.053293e-03
   1.189432e-02
  -3.168019e-03
   3.006235e-02
  -2.566191e-02
  -3.225149e-03
   2.365298e-02
  -2.085619e-02
  -1.485185e-02
  -2.133478e-02
  -8.134631e-04
   1.070731e-02
  -1.204710e-04
  -1.016269e-02
  -8.590683e-05
  -1.306122e-02
  -9.237704e-03
  -2.088755e-02
  -2.026096e-02
   1.785581e-03
   3.074662e-02
   3.412312e-02
   1.923213e-02
   2.479467e-03
  -3.565114e-02
  -9.891770e-03
  -1.190752e-02
   3.077717e-02
  -5.651489e-03
  -5.973834e-03
   1.592506e-02
  -3.025052e-03
   1.298478e-02
   3.118204e-02
   8.704685e-03
   1.429491e-02
   7.310466e-03
  -2.531985e-03
  -9.618213e-03
  -1.523720e-02
  -1.504452e-02
  -2.413422e-02
  -3.153318e-02
  -2.282391e-02
  -6.651475e-02
  -3.210391e-02
   4.402447e-02
  -2.339291e-02
  -5.031853e-02
  -3.897437e-03
  -4.078951e-02
  -1.715903e-02
  -2.329194e-02
   3.915393e-02
  -6.987476e-02
   4.772063e-03
  -1.543954e-02
  -1.502452e-02
  -4.022664e-02
  -2.574412e-02
   2.552032e-03
   3.312777e-02
  -2.259638e-02
   1.810855e-02
  -2.174716e-02
  -2.026631e-03
   3.113032e-02
  -3.905156e-02
   6.915398e-03
  -4.595043e-03
  -6.109946e-03
  -2.145019e-03
  -1.147708e-02
  -2.862439e-02
  -3.712640e-02
  -5.122163e-02
   1.583690e-02
  -2.553786e-02
  -1.056477e-02
  -6.923259e-03
  -4.556588e-02
  -3.298257e-02
  -1.670927e-02
  -6.340260e-03
   1.138227e-02
  -1.701189e-02
  -5.647301e-03
  -3.519793e-04
  -6.307382e-06
   5.459855e-03
  -3.870574e-03
   3.297317e-02
  -3.380772e-02
   3.373141e-02
   9.249455e-03
   1.661334e-02
  -3.312884e-02
  -1.800437e-02
   1.253088e-02
   8.898279e-03
  -1.597210e-02
  -1.538772e-02
  -4.116582e-03
   1.491209e-02
  -9.436670e-05
   1.737489e-02
  -1.323703e-02
  -5.217817e-03
   2.470008e-02
   3.512692e-03
  -1.618084e-02
  -4.757434e-02
  -3.798831e-02
  -8.036129e-03
  -3.294352e-02
  -3.930897e-02
   2.696279e-02
  -2.027648e-03
   3.267149e-03
  -1.806998e-04
   1.030643e-02
   2.947814e-02
  -1.217815e-02
  -1.207757e-02
  -2.351778e-02
  -3.587889e-03
  -1.251372e-04
   2.613878e-02
  -4.943676e-04
   2.013894e-02
   2.809929e-02
   1.678582e-02
   2.718191e-03
  -2.280973e-03
   4.922638e-03
  -4.467108e-02
  -3.567985e-02
  -9.875137e-03
  -2.797880e-02
  -8.577988e-03
   8.374590e-04
  -9.576232e-03
  -2.217872e-02
  -1.842061e-02
  -1.178004e-02
  -8.209643e-03
  -5.143420e-02
  -4.091786e-02
  -2.434243e-02
   5.323596e-03
   2.092425e-02
   1.478043e-02
  -8.286042e-03
  -2.101236e-02
  -7.209380e-03
  -7.353775e-03
  -1.322784e-02
  -2.097730e-02
  -3.230089e-02
  -8.148232e-03
  -2.309101e-03
   3.373853e-03
   1.813436e-02
   2.742751e-02
   1.108453e-02
   3.107891e-03
   4.791009e-03
  -4.024945e-02
   1.085017e-02
  -5.334900e-02
  -2.648445e-02
  -1.952792e-03
  -5.428433e-02
  -2.047636e-02
  -2.203631e-02
  -1.881070e-02
  -1.458290e-02
   7.727715e-03
  -2.756990e-04
   2.618094e-02
  -1.363739e-02
  -1.422480e-02
  -9.139328e-03
   1.323041e-02
  -3.721867e-02
  -1.184667e-02
   2.269102e-02
  -2.774377e-03
  -1.466834e-02
  -1.610884e-02
   4.506538e-03
  -2.412171e-02
   1.821807e-03
   6.277479e-03
   1.363678e-02
  -1.536870e-02
  -2.263958e-03
  -2.507704e-03
   1.998715e-02
  -1.796453e-02
  -5.007258e-02
   2.063458e-02
   8.206669e-03
  -3.394142e-02
   5.841718e-03
  -1.588007e-02
  -2.667947e-02
  -9.103681e-03
   2.784789e-03
  -4.565995e-03
  -7.710052e-03
   4.848755e-03
   8.091133e-03
  -9.863938e-03
  -4.183393e-02
  -1.633438e-02
  -2.308933e-02
  -1.142078e-02
  -1.374562e-02
   3.253771e-03
   1.662807e-03
   1.589371e-02
  -1.335401e-02
  -1.631018e-02
  -3.800588e-03
   1.238446e-03
   5.027932e-04
  -8.421724e-03
  -5.586882e-03
  -1.810395e-02
  -2.298732e-02
  -5.426083e-02
  -3.170641e-02
   9.001871e-03
  -2.766855e-02
   2.633630e-03
  -2.381535e-02
  -7.843733e-03
  -1.938478e-02
   6.290657e-03
  -9.900425e-03
  -1.501617e-02
  -2.209481e-02
  -7.167004e-03
   3.435666e-02
  -3.955319e-02
   3.036617e-02
  -3.755969e-02
  -2.047775e-02
   2.998520e-03
   1.315279e-02
   5.116426e-02
   3.763051e-03
   6.214511e-03
   1.309093e-04
  -1.145480e-02
   3.086606e-03
  -3.041138e-03
  -1.336684e-02
  -1.039927e-02
   6.442108e-03
   8.803745e-03
  -3.957166e-02
  -2.095498e-02
   1.029814e-02
  -2.308546e-03
  -2.454187e-02
  -2.721118e-03
  -1.111139e-02
  -1.503782e-02
  -1.705951e-02
  -2.383108e-02
  -1.603674e-03
  -2.056053e-03
   1.867545e-02
   1.217969e-02
  -5.589853e-03
  -2.507930e-02
   3.360892e-02
  -1.554903e-02
  -2.426049e-02
  -1.016530e-02
   1.219400e-02
   3.167913e-02
   1.437866e-02
   5.070378e-03
   1.215018e-02
  -3.954184e-03
  -2.538712e-02
  -3.122759e-03
   1.405439e-02
  -1.717197e-03
   8.528852e-03
   9.493622e-03
   1.588067e-02
  -2.855872e-04
  -1.747192e-03
  -4.044855e-03
  -8.078826e-03
   2.213516e-02
   1.576753e-02
  -2.615833e-02
  -9.984380e-03
  -1.642265e-02
  -9.626311e-03
   2.854700e-02
   2.166765e-02
  -7.346000e-03
  -4.381647e-02
   1.978108e-02
   7.782487e-03
  -2.153548e-02
   2.211967e-02
   1.485324e-02
   1.049693e-02
   1.317591e-02
  -2.948105e-02
   2.814782e-02
   1.189306e-02
  -1.810612e-03
  -1.047063e-02
  -2.402173e-02
  -3.386432e-02
   1.580700e-02
   2.044321e-02
   4.761225e-03
  -1.534346e-02
   1.626400e-02
  -9.608793e-04
   2.049071e-03
   6.935282e-03
  -2.740976e-02
  -7.868238e-03
  -3.587150e-02
   4.103888e-02
   1.230812e-02
  -3.799615e-03
  -5.621160e-03
   6.714363e-03
  -1.112959e-02
   4.585622e-03
   7.866247e-03
  -1.144294e-02
  -4.325960e-03
   2.032144e-02
   1.320608e-02
   4.443554e-03
  -2.648335e-03
  -1.958345e-03
  -4.391977e-03
   9.084847e-03
   9.857485e-03
  -3.313050e-02
  -2.134337e-03
   7.751782e-03
  -3.898288e-02
  -3.811588e-03
   8.757688e-03
   2.532343e-02
   2.003755e-02
  -2.454989e-02
   6.266738e-03
   2.043616e-03
  -7.071172e-03
  -1.143778e-02
  -2.190160e-02
   2.025847e-03
   3.531094e-03
  -1.225911e-02
   6.670381e-03
  -2.533201e-03
  -1.249112e-02
   2.262022e-02
   1.854122e-02
   1.753508e-02
   1.263421e-02
   4.486367e-03
   9.143850e-03
   3.608245e-03
   4.179427e-03
  -1.264404e-02
  -3.117680e-03
   7.685444e-03
  -3.170130e-03
  -1.814937e-02
   8.958974e-03
  -4.655876e-03
  -1.353728e-02
  -7.207588e-03
  -8.276251e-03
  -2.637885e-02
  -2.260302e-02
   1.406733e-02
   1.077100e-02
  -4.865592e-03
  -3.279016e-02
   2.447266e-03
   1.075195e-02
  -1.305975e-02
   1.204952e-02
   1.009543e-03
  -1.452350e-02
  -3.002995e-02
  -1.289081e-02
  -1.959442e-02
  -3.912284e-02
   1.168913e-02
   2.469351e-02
  -1.949655e-02
   9.739106e-03
  -3.333850e-03
  -8.498192e-03
  -7.882093e-03
  -3.120146e-03
   4.570998e-03
  -2.705332e-02
  -4.525581e-02
  -5.465731e-04
   2.705458e-02
  -3.302784e-03
  -8.018876e-03
  -1.453568e-02
   1.715362e-03
  -1.236385e-02
  -1.620389e-02
  -8.624308e-03
   5.131833e-04
  -1.925260e-02
  -2.548082e-02
  -5.383195e-03
   5.255481e-03
  -1.898725e-02
  -1.677313e-02
   3.563700e-03
   5.427803e-03
  -1.012045e-02
   6.970348e-03
   2.913556e-02
  -1.287825e-02
  -8.468083e-03
  -1.406553e-02
   3.678164e-03
  -1.636125e-03
  -6.136950e-03
  -1.202708e-02
  -1.617207e-02
   4.077202e-02
  -1.807980e-02
  -1.407983e-02
   7.055966e-03
   3.540294e-03
  -2.348966e-02
   2.711298e-02
  -4.356296e-02
  -2.720316e-03
  -7.005623e-03
   1.216597e-02
  -8.446726e-03
  -1.613769e-02
  -1.399716e-02
  -1.034634e-02
  -1.205939e-02
  -1.333979e-02
   6.800735e-03
   2.423565e-02
   1.629225e-02
   1.492356e-02
  -1.484876e-02
  -8.547364e-04
  -1.051840e-02
  -4.654088e-03
   2.026292e-02
  -3.197566e-02
   9.240943e-03
  -7.518632e-04
   2.755114e-02
  -6.688824e-03
  -1.350566e-03
   2.151487e-03
  -1.067977e-02
   1.324781e-02
   1.700439e-02
   5.101479e-03
  -5.240250e-03
   1.144125e-02
  -2.444639e-02
   2.007750e-02
  -2.510429e-02
  -6.619078e-03
  -2.119087e-02
  -2.377860e-02
  -1.025201e-02
   3.023589e-02
  -1.423361e-03
  -5.377534e-03
  -1.022271e-02
   1.273160e-02
   2.244607e-02
   1.113636e-02
  -3.960549e-03
  -1.667113e-02
   1.457020e-02
   9.702169e-03
   3.329194e-02
  -2.057261e-03
  -3.899144e-03
  -1.252117e-03
   5.634369e-03
  -6.688824e-03
  -4.019695e-03
  -9.341039e-04
  -4.420475e-03
  -1.647550e-03
   3.070941e-02
   1.298307e-02
  -4.624711e-03
   1.124913e-02
  -6.598632e-03
   3.344130e-03
  -1.018313e-03
   7.652883e-03
  -1.028178e-02
   1.420540e-02
  -1.780944e-02
   4.746136e-03
   1.530686e-02
   3.475731e-03
  -5.428877e-03
   1.446739e-02
   2.101193e-02
   1.028099e-03
  -9.704358e-03
   9.669484e-03
   1.374674e-02
  -5.452934e-03
  -4.264130e-03
  -5.646181e-03
  -1.054664e-02
   8.946549e-04
  -9.395920e-03
  -6.688824e-03
  -5.354259e-03
  -3.144182e-03
  -2.610563e-03
   7.258414e-04
   2.154999e-02
   2.074610e-02
  -1.947949e-02
   2.693085e-02
   1.088328e-02
   9.159600e-04
   4.438841e-03
  -3.738571e-02
  -2.911556e-03
  -1.298815e-03
   5.000586e-03
  -8.748769e-03
  -2.925240e-02
   2.506270e-03
  -2.943591e-02
   4.480234e-03
   2.612234e-02
  -1.833154e-02
  -2.869853e-03
   3.515330e-03
   1.277804e-03
  -2.606703e-02
  -4.732614e-04
   8.183135e-03
  -2.235140e-02
  -1.328168e-02
  -1.838831e-02
  -6.688824e-03
  -6.021542e-03
  -4.256387e-03
  -3.603436e-03
   5.000971e-03
   1.788051e-02
   1.163061e-02
  -1.089339e-02
   1.210171e-02
   2.228493e-02
   1.730207e-02
  -1.752379e-02
   1.509678e-02
  -3.101487e-03
  -2.148969e-02
  -2.256966e-03
   1.310517e-02
  -3.714151e-03
   2.408752e-02
  -1.660466e-03
   3.669989e-04
  -4.067567e-03
  -1.119955e-02
  -3.441016e-03
   3.746358e-03
   1.391618e-02
  -2.026681e-02
  -3.974467e-03
  -1.371851e-02
  -1.439441e-02
  -1.383805e-02
  -1.611318e-02
  -6.561315e-03
   1.022139e-03
  -2.065383e-04
  -6.595602e-03
   1.054466e-02
   2.728452e-04
   7.321839e-03
   2.562578e-02
  -7.044742e-04
  -6.285238e-04
   2.561791e-02
   2.945551e-02
  -1.132959e-03
   1.763211e-02
   1.302072e-02
   1.330936e-02
  -2.268770e-03
   1.330916e-02
   2.884234e-03
   4.180739e-03
   4.723761e-03
  -2.943429e-02
  -6.865344e-04
   1.809168e-02
   2.107355e-02
   2.438674e-02
  -1.079684e-03
   2.423188e-03
   3.679617e-03
   8.848321e-03
   1.306448e-02
   1.306448e-02
  -1.414477e-02
   1.345378e-03
   9.885646e-03
   2.459811e-02
   1.066879e-02
  -1.693206e-02
   1.067570e-02
   4.294367e-02
   5.463872e-03
   1.432975e-02
  -1.664717e-04
  -9.155991e-03
   2.660025e-02
   2.193840e-02
   6.517046e-03
  -7.962369e-03
   2.090175e-02
  -1.698283e-03
  -8.837199e-03
  -1.287432e-03
   7.941645e-04
   1.064028e-02
   9.283011e-03
   1.204453e-02
   2.074222e-02
   1.107322e-02
   8.104524e-03
  -8.524761e-03
  -2.326593e-04
   6.074419e-03
   1.023894e-02
   6.559494e-03
  -4.403110e-03
  -2.135753e-03
   1.380564e-02
   1.299999e-02
  -2.468676e-02
  -1.074982e-02
   9.369356e-03
   1.115105e-02
   6.463215e-03
  -1.985321e-03
  -2.674893e-02
  -7.889250e-03
   1.267976e-02
  -1.221322e-03
  -9.285689e-04
   7.289020e-03
   2.957261e-02
   8.844620e-03
   2.257038e-02
   1.276975e-02
   2.372611e-02
   3.139893e-02
   9.090613e-03
   3.744558e-03
   1.428373e-02
  -8.940617e-03
   1.288071e-02
  -5.103113e-03
   1.035488e-02
   3.514510e-02
   3.425211e-03
  -3.624940e-03
   1.247693e-02
   1.073159e-02
   6.508654e-03
  -5.011267e-03
   7.252018e-03
  -8.214141e-04
  -2.741971e-03
  -1.417205e-02
   2.114805e-02
   1.273768e-02
   2.588515e-02
   1.355777e-02
   1.881172e-02
   1.006255e-02
   3.370502e-03
   2.163718e-02
  -2.106715e-02
  -2.855166e-02
   3.607079e-03
   6.069953e-03
   1.511022e-02
   1.824751e-02
   1.301144e-02
   2.413293e-02
   4.158875e-02
   1.637916e-03
   1.966982e-02
   2.256400e-02
   1.200141e-02
   1.060749e-02
  -5.469754e-03
   9.591508e-03
  -2.560761e-02
   1.834877e-02
   2.762114e-03
  -1.657108e-02
   1.837199e-02
   1.033563e-03
  -5.343778e-03
   1.925280e-02
   3.131814e-02
   5.902827e-03
   1.848335e-03
   1.519610e-02
   1.202688e-02
   1.928930e-02
   1.698566e-02
   2.430816e-02
  -1.057555e-02
  -1.583422e-02
  -8.375451e-03
   4.035395e-03
   3.973046e-02
   8.428565e-03
   5.747003e-04
   2.144050e-03
   1.094080e-02
   3.620610e-03
   4.159665e-02
   1.569176e-02
   3.107035e-03
   7.532148e-04
   7.379815e-03
   1.303562e-02
   2.439291e-02
   4.767803e-02
   2.345356e-02
   1.992054e-02
   1.993549e-02
   2.322799e-02
   3.646541e-03
  -2.972775e-03
   1.951890e-02
   1.565208e-02
  -4.958205e-03
   3.018220e-02
  -5.189609e-03
   2.307781e-03
   2.097466e-02
   9.197673e-03
   1.682069e-03
  -1.808845e-03
  -1.296655e-02
   9.584496e-03
   1.806339e-02
  -2.483841e-02
   4.279406e-02
  -3.535706e-03
  -4.309931e-03
  -2.537298e-02
  -7.749029e-03
   1.224399e-03
   1.852833e-02
   2.377520e-02
   1.735668e-02
   1.373182e-02
  -1.331378e-02
   1.474220e-02
   1.181778e-02
   3.665792e-03
   1.822144e-02
   1.316123e-02
   1.118812e-02
   2.080121e-02
   3.407817e-02
   3.847290e-02
   7.430770e-03
  -1.216522e-02
  -1.166162e-02
  -1.798466e-02
   5.409897e-03
   7.010553e-03
   6.424090e-03
   1.988332e-02
   2.311362e-03
  -1.773695e-02
   4.777701e-02
   1.155600e-02
   7.656629e-03
  -3.138017e-02
   7.281662e-04
  -1.218392e-02
  -2.620569e-02
   1.971437e-02
   2.582946e-03
  -7.712759e-03
   2.489931e-02
  -2.079005e-02
   1.235966e-02
   9.862360e-03
   5.409568e-03
  -1.534680e-02
  -2.036240e-03
  -6.897630e-03
   7.143509e-03
  -3.856205e-02
   8.519624e-03
   3.004275e-02
   8.373605e-03
  -2.346459e-02
  -4.876645e-04
  -2.475140e-03
  -1.530982e-02
  -5.367041e-03
  -7.801861e-03
  -2.744227e-02
   2.006562e-02
   1.720108e-02
   8.268948e-03
   1.436915e-02
   2.715932e-03
  -2.040142e-02
  -8.071272e-03
  -5.266304e-03
   1.022074e-02
  -2.642960e-03
  -2.019815e-02
  -5.282743e-03
   4.482835e-03
  -1.238516e-02
  -1.524675e-02
  -8.476040e-03
   6.214585e-03
   2.067683e-02
   1.312796e-02
   1.697639e-03
  -1.137416e-03
   5.471416e-03
   9.029248e-04
  -7.611903e-04
   2.007020e-02
  -1.294096e-02
   3.565070e-02
  -1.716929e-02
   1.343699e-02
   2.953067e-03
   1.519474e-02
   1.258571e-02
   5.222812e-03
   1.605451e-02
   1.032195e-02
   1.354647e-02
   9.239367e-03
  -1.637813e-02
  -3.559195e-02
  -4.635099e-03
   1.327654e-02
   1.625325e-02
  -1.290357e-02
  -2.266928e-03
   2.275543e-02
   1.493949e-02
  -1.311440e-02
   9.766769e-03
   4.417215e-04
   7.330499e-03
   1.875928e-02
   3.832076e-03
  -2.182430e-02
  -1.339265e-02
  -9.618151e-03
  -1.740306e-02
   1.333569e-03
   1.935156e-03
   1.980061e-02
   5.981817e-03
  -3.560921e-02
  -1.145243e-02
   4.718911e-04
   2.059509e-03
   2.130197e-03
   2.573964e-02
   6.642395e-03
   2.025542e-02
   4.095926e-03
   7.965991e-03
  -1.981197e-03
   1.536727e-02
  -4.941773e-03
  -8.711379e-03
  -9.151884e-03
  -1.241862e-02
   1.370959e-02
   9.337142e-03
  -1.823299e-02
  -9.776770e-03
  -2.404222e-02
  -1.351737e-02
  -1.304671e-02
   1.669568e-02
   1.010340e-02
  -5.863813e-02
  -8.328814e-03
   1.611491e-02
   2.136441e-03
  -4.525960e-04
  -3.908146e-03
  -2.552864e-02
  -3.015361e-02
   1.419333e-02
   2.674861e-03
  -6.949766e-03
   1.533246e-02
   2.757257e-02
  -5.524204e-02
  -6.019818e-03
  -2.107708e-02
  -1.153963e-02
   4.639821e-03
   6.619669e-03
   2.693147e-02
  -3.744561e-02
  -2.573963e-03
   2.704243e-02
   3.294147e-03
  -3.896858e-03
   2.261116e-03
  -1.796141e-02
  -1.842903e-02
  -1.597320e-02
  -9.303405e-03
  -1.085962e-02
  -1.775606e-02
   3.547815e-04
  -1.127820e-02
  -1.106164e-02
  -8.450115e-03
   1.599652e-02
  -2.634936e-02
  -1.180472e-02
  -1.221696e-02
   1.055535e-03
   1.024037e-03
   1.908890e-02
  -1.416347e-02
   4.339418e-02
  -1.567616e-02
   7.337467e-03
  -4.931911e-03
  -3.409148e-03
  -7.712403e-03
  -2.045989e-02
  -7.817681e-03
  -3.137471e-02
  -5.856889e-03
  -7.757051e-03
  -2.367857e-02
   1.722889e-02
   9.801181e-04
  -1.134177e-02
  -1.328346e-02
  -1.009819e-02
   2.665907e-03
  -1.870608e-02
   2.240297e-02
   6.005986e-03
   4.069588e-03
  -3.848978e-02
  -1.246800e-02
  -3.515604e-02
  -3.075270e-02
  -1.310628e-02
   5.307442e-03
   1.190241e-03
  -1.872314e-02
  -1.131781e-02
   1.457768e-02
  -5.893309e-03
   1.032646e-02
   4.496099e-03
  -2.578886e-03
   7.207016e-03
  -6.480888e-03
   1.691205e-02
  -6.367591e-03
  -1.157616e-02
  -1.406454e-02
  -1.783164e-02
  -1.797398e-02
   5.098116e-03
   4.178304e-03
  -1.510233e-02
   2.641158e-03
  -1.380200e-02
  -8.329122e-03
  -1.556959e-02
  -1.434633e-03
  -2.803391e-03
  -2.945147e-02
   1.611501e-03
   1.149738e-02
   1.042939e-02
  -1.183282e-02
  -1.517514e-02
  -1.722865e-02
  -2.512132e-02
   2.595414e-02
  -3.954616e-03
   4.644722e-03
   1.436066e-02
  -1.482952e-02
   2.899356e-03
  -1.133018e-02
  -1.827015e-03
   9.462842e-03
  -1.525860e-02
  -1.818045e-02
  -6.640600e-03
   8.097902e-03
  -6.552493e-03
  -9.611130e-03
   1.603943e-02
  -2.161482e-02
  -6.946543e-03
   4.832215e-03
  -2.702516e-03
  -1.494744e-04
   1.864408e-02
   2.070024e-02
  -3.141551e-02
  -5.249106e-03
   3.612865e-03
   1.483372e-02
   1.263155e-02
   3.993694e-04
   7.645559e-04
   2.267846e-02
   6.696630e-02
   1.258540e-02
  -3.509951e-02
  -6.612060e-04
  -7.690050e-03
   3.192382e-02
  -2.141194e-02
  -4.381416e-02
  -1.361323e-02
  -7.564831e-03
   1.036594e-03
   3.732240e-02
  -4.903697e-03
   1.597103e-03
  -6.173289e-03
  -2.995748e-02
  -1.175042e-02
   3.255282e-02
   1.652633e-03
  -3.840659e-02
  -1.059904e-04
   6.219030e-03
   4.947578e-03
  -2.338121e-02
  -3.223892e-02
   3.584150e-03
   3.255349e-03
   3.918290e-03
  -1.729113e-03
  -1.024535e-03
  -4.844474e-03
   1.532965e-02
   2.815497e-02
  -1.216394e-02
   4.017684e-03
  -1.095757e-02
   1.543810e-02
  -1.385601e-02
  -3.893529e-03
  -9.222915e-03
  -1.246926e-03
  -4.472172e-03
  -9.019562e-03
   4.368896e-03
  -6.628171e-03
   3.478239e-03
   1.021971e-02
  -2.231010e-02
   5.448302e-03
   1.287180e-03
  -6.821114e-03
  -2.393761e-02
  -2.658512e-02
  -3.779311e-02
   7.729476e-03
  -7.355348e-03
  -2.744431e-02
  -2.781812e-02
  -3.726700e-02
  -6.334194e-03
  -2.173718e-02
   2.076077e-03
  -6.698124e-03
  -1.296820e-02
  -5.191502e-02
  -2.040972e-02
   6.866412e-03
  -1.438599e-02
   1.790367e-02
   9.275151e-03
  -4.517770e-03
  -1.295775e-02
  -3.577155e-04
  -2.952521e-02
   2.821783e-03
  -2.820425e-03
  -1.934971e-02
   8.724311e-03
   1.500577e-02
   3.178057e-03
  -1.887811e-02
   1.520943e-03
   1.912030e-03
  -4.233654e-04
   1.323812e-02
   1.004662e-02
   3.942647e-02
   1.367465e-02
  -8.686665e-03
   3.219597e-03
  -1.625863e-02
   1.095216e-03
   2.959632e-02
  -2.851408e-02
  -1.482474e-02
  -8.589305e-03
  -2.327135e-02
  -1.469305e-02
  -7.358041e-04
  -8.400160e-03
  -2.849611e-02
  -1.082075e-02
   5.813645e-02
   2.503388e-02
   1.839745e-02
  -1.206926e-03
   2.539818e-03
   8.773309e-04
  -3.175681e-02
  -3.820387e-03
  -5.808768e-03
  -4.044400e-03
  -1.084750e-02
   1.754707e-03
   1.103626e-02
   7.094002e-03
  -5.523237e-04
  -4.205878e-04
  -2.777871e-02
  -7.521431e-03
  -2.419660e-02
  -8.513962e-03
  -4.564883e-03
  -1.615119e-02
  -2.075355e-02
  -1.086712e-02
  -5.951503e-03
  -1.300533e-02
  -1.788804e-02
  -1.489906e-02
   1.328358e-02
   5.795142e-03
  -1.373824e-02
   1.229350e-03
   9.236349e-03
  -3.753198e-02
  -2.279716e-02
  -7.684538e-04
   2.538814e-02
   1.165631e-02
  -2.713856e-02
   1.355971e-02
   1.971258e-03
  -1.837171e-03
  -9.619980e-03
   2.376247e-03
   2.997787e-03
  -2.304750e-02
  -2.212083e-02
   1.357287e-02
  -1.996968e-03
   8.214934e-03
  -6.758990e-02
  -3.345908e-02
  -2.427338e-02
  -5.139942e-04
  -5.092941e-02
   1.943304e-02
  -1.452001e-02
   8.394919e-04
  -2.401722e-02
   3.332192e-03
  -2.311083e-04
   3.203539e-02
  -2.519846e-03
  -6.496884e-03
  -2.257214e-02
   3.845228e-03
  -3.260858e-03
  -8.515205e-03
  -3.568993e-02
   3.316654e-02
   1.763949e-02
  -4.257504e-02
  -1.281160e-02
  -1.025959e-02
   1.730037e-02
  -1.265796e-02
  -8.576498e-03
  -3.182273e-02
  -1.381789e-02
   2.219589e-03
   1.113101e-04
  -8.481002e-03
  -2.713854e-02
  -1.321376e-02
  -6.850003e-04
  -4.465298e-03
   3.241516e-03
  -2.396665e-02
  -1.922900e-02
  -1.750942e-02
  -1.771061e-02
  -2.991802e-03
  -3.497663e-02
   1.538798e-02
  -2.187965e-02
  -1.055757e-02
  -1.622785e-02
   3.909991e-03
   1.442370e-02
  -1.667934e-02
  -1.626256e-03
  -6.159832e-03
   1.564920e-02
  -7.561694e-03
  -3.830475e-04
  -9.195550e-04
  -9.504115e-04
  -3.177364e-02
  -1.450573e-02
  -5.060723e-03
   1.248989e-02
   6.903783e-03
  -1.860267e-02
  -3.376925e-02
  -5.344708e-03
   8.427587e-03
  -1.127823e-02
  -1.990371e-02
  -1.220385e-02
  -2.512692e-02
  -1.670902e-02
  -1.925320e-02
  -1.735526e-02
   3.349510e-03
  -2.785795e-02
  -4.938125e-03
   8.904042e-03
   6.864408e-03
  -3.563634e-03
  -4.296476e-03
   3.213109e-02
   2.411216e-03
  -4.205886e-02
  -5.370439e-03
  -3.154152e-03
  -2.937888e-03
   1.693085e-03
   7.914829e-03
   3.482209e-03
  -2.373903e-02
  -1.261208e-02
  -1.869922e-02
  -1.147850e-02
   8.752062e-03
  -4.765653e-02
  -1.792730e-02
  -3.069457e-02
   1.094395e-03
  -1.632028e-02
   2.634695e-03
  -7.026272e-03
   1.302613e-02
  -3.528162e-03
  -6.901591e-03
  -3.580672e-02
  -8.168477e-03
  -5.194672e-02
  -1.618657e-02
   6.568672e-03
   1.524933e-02
  -1.015518e-02
  -2.067462e-02
  -2.443348e-02
   3.625198e-02
   1.748123e-04
   1.572287e-02
   8.193194e-04
   6.978272e-03
   1.423717e-02
   6.143308e-03
   1.983747e-03
   5.657639e-03
   1.321100e-02
   1.150753e-03
   1.934514e-02
  -5.886266e-03
  -1.319238e-02
  -2.468682e-02
  -2.061487e-02
  -2.310233e-02
  -5.773196e-02
  -5.161401e-03
  -2.869842e-02
  -8.052744e-02
  -2.843564e-02
  -2.874314e-02
  -3.260120e-03
  -5.902276e-02
  -3.747784e-02
   2.925717e-02
   1.791292e-02
   6.313090e-03
  -6.353024e-03
  -2.296829e-04
  -3.050814e-02
   2.457196e-02
  -3.735383e-03
  -8.660269e-03
  -9.571348e-03
  -8.836505e-03
   5.595299e-04
  -3.722073e-03
  -3.674275e-03
   2.994397e-03
  -8.427966e-03
  -9.253914e-03
  -3.260645e-02
  -4.940235e-02
   2.292000e-02
   2.061925e-02
   2.315933e-03
  -1.186054e-02
  -3.065325e-02
  -2.236724e-02
  -1.597083e-02
  -9.405371e-03
  -9.438287e-04
  -1.405501e-02
  -1.247807e-02
  -1.689473e-02
  -2.820100e-02
   8.300357e-03
  -4.135973e-04
  -1.556863e-03
   2.406293e-02
  -1.954344e-02
   1.627485e-02
   2.245987e-02
  -3.102803e-02
  -5.367786e-03
   7.237243e-03
   5.545682e-03
   1.074512e-02
   9.588273e-03
   1.007603e-02
  -1.661728e-02
  -1.808493e-03
   5.520915e-03
  -1.329620e-02
  -7.215969e-03
   1.066349e-02
  -4.817542e-03
  -7.367408e-03
  -8.299447e-03
  -1.390231e-02
  -2.754233e-03
  -5.755955e-02
  -1.544928e-02
  -1.003101e-02
  -1.042750e-02
  -1.209367e-02
   6.076243e-03
  -8.675833e-03
   2.384490e-02
  -2.631080e-02
  -3.009758e-02
  -1.134216e-02
   6.455986e-04
  -8.908325e-03
  -4.179303e-02
  -2.866231e-03
  -1.013624e-02
   3.665086e-02
   1.823631e-02
   2.613015e-02
   2.125401e-02
   1.016480e-02
  -2.163461e-03
   1.229036e-02
  -1.109137e-03
  -1.280306e-02
   2.317117e-02
  -9.104560e-03
  -4.260880e-02
  -1.866858e-02
   5.858329e-03
  -8.311920e-03
  -9.075031e-03
  -3.211656e-02
  -2.971511e-02
  -2.981520e-02
  -5.530304e-03
   2.169500e-03
   2.413247e-02
   2.055853e-03
  -3.729642e-03
  -5.261484e-02
  -1.396051e-02
  -5.234923e-03
   2.913755e-02
   8.101837e-03
  -1.403518e-02
  -9.246760e-03
  -1.890165e-02
  -3.548238e-02
  -3.026933e-03
  -1.463063e-02
  -6.798521e-03
  -1.375408e-02
  -4.876229e-03
  -7.588998e-03
  -9.444768e-03
   2.479430e-03
  -2.865132e-02
  -2.764410e-02
  -2.027914e-02
   9.415471e-03
  -5.061037e-02
  -1.612867e-02
   3.251264e-03
  -2.034633e-02
  -4.708008e-02
  -2.652642e-02
   1.108765e-02
  -6.902453e-03
  -2.311437e-02
  -3.503584e-03
  -4.327616e-02
   9.220981e-03
   1.156948e-02
  -8.547532e-04
  -7.624676e-03
  -3.660036e-02
   1.272872e-02
   8.121913e-03
   6.825280e-03
   6.485117e-03
   1.976898e-02
   3.236364e-03
  -2.006339e-02
   2.111968e-02
  -1.086166e-02
  -1.684708e-02
  -3.731651e-02
   1.113945e-02
   3.026469e-02
  -8.019012e-03
  -1.504333e-02
  -1.683182e-02
  -6.676240e-03
  -2.409144e-03
  -5.598777e-02
  -5.439943e-03
  -2.809583e-02
  -4.029805e-02
  -4.901771e-02
  -1.775259e-02
  -1.991475e-02
  -3.512024e-02
  -2.127175e-02
   2.738343e-03
  -2.472263e-03
  -2.128890e-03
  -1.126234e-02
  -2.403345e-02
  -3.101107e-02
  -2.219430e-02
  -3.248157e-02
  -2.331846e-02
  -9.390566e-03
  -1.158309e-02
  -1.717716e-02
   1.617434e-02
  -1.086166e-02
  -1.385437e-02
  -2.558544e-02
  -1.620339e-02
  -3.416418e-02
  -2.667763e-02
  -1.787212e-02
  -3.325868e-02
  -3.689377e-03
  -3.049260e-03
  -1.490529e-02
  -1.133477e-02
  -1.956526e-02
  -2.868255e-02
  -1.669852e-02
  -2.424758e-02
  -1.976245e-02
  -2.068149e-03
  -9.428940e-03
   5.042278e-03
  -2.206798e-02
  -1.543137e-02
  -7.329133e-03
   6.554516e-04
   1.169638e-02
  -9.364776e-03
  -2.858364e-02
  -7.108002e-03
  -2.242968e-02
   8.183719e-03
  -1.988500e-02
   4.458050e-02
  -1.086166e-02
  -1.235801e-02
  -1.897173e-02
  -1.053446e-02
   9.299925e-03
  -1.261478e-02
   3.491159e-03
  -3.687544e-03
   2.886679e-02
   5.573894e-03
   1.075065e-02
  -7.897980e-03
  -1.397995e-02
  -1.618359e-02
  -2.404601e-02
  -1.497034e-02
  -3.281932e-02
   7.203542e-03
  -7.043102e-03
   4.892769e-02
  -1.624764e-02
  -2.209723e-02
  -3.278279e-03
   1.209277e-02
   2.150952e-03
  -1.083071e-03
  -2.030969e-02
  -3.516421e-02
   2.342735e-03
  -4.452979e-02
  -1.982199e-02
   4.948812e-03
  -1.086166e-02
  -1.160983e-02
  -1.561474e-02
  -1.626266e-02
   8.523770e-04
   9.519865e-03
  -2.155145e-03
  -2.262918e-02
  -4.143706e-02
  -1.427260e-02
   5.096330e-03
  -2.790324e-02
  -1.096700e-02
  -2.516073e-02
  -4.833161e-02
   3.031641e-02
  -2.352770e-02
  -5.232525e-03
   9.981280e-03
   1.388459e-02
  -1.725521e-02
   1.531184e-02
   6.016781e-03
   2.577533e-04
  -1.733629e-02
   2.319123e-02
  -1.443762e-03
  -2.165879e-02
  -6.840405e-03
  -5.792011e-03
  -1.280700e-02
  -3.929095e-03
  -1.146842e-02
  -1.173726e-02
   1.478398e-02
   2.140193e-03
   1.070946e-03
   7.417366e-04
   9.182842e-03
  -7.164328e-03
   3.206868e-02
   2.872261e-03
  -1.327747e-02
   2.591071e-02
   5.396276e-03
  -1.084508e-02
  -2.025964e-02
   1.234265e-02
   1.485887e-02
  -1.103422e-02
   2.642918e-03
   1.290580e-02
  -3.977981e-03
   2.570524e-02
  -1.058710e-02
  -3.312884e-02
  -2.074064e-02
  -8.432318e-03
  -1.870866e-02
  -2.385418e-02
  -1.103334e-02
  -1.834912e-02
   2.429569e-03
   2.429569e-03
  -1.119958e-02
  -1.476273e-02
   8.639937e-04
  -1.219326e-02
   2.145031e-03
  -1.031139e-02
   1.252306e-03
  -1.035493e-02
   1.256164e-02
  -3.381551e-02
   3.820548e-03
   1.417244e-02
  -2.514838e-02
   2.962933e-02
   6.113360e-03
   1.090630e-02
   7.640484e-03
  -7.638512e-03
   6.057169e-03
  -2.708160e-04
  -1.977542e-02
  -2.429659e-02
  -2.433771e-02
   2.496773e-02
  -2.066075e-02
  -3.574508e-03
  -1.095605e-02
  -2.127691e-02
   9.103276e-03
  -1.559910e-03
   1.319096e-02
   6.315728e-04
  -5.867630e-03
  -5.814911e-03
   1.562799e-02
   1.809278e-02
   2.826737e-02
   1.148289e-02
   1.649270e-02
  -1.960099e-03
  -2.674716e-02
  -2.419602e-02
  -1.202541e-02
  -2.690640e-02
  -1.330198e-02
  -2.540814e-02
   4.177446e-03
   1.552583e-05
   6.498977e-03
  -1.565160e-02
   4.131376e-03
   2.361706e-03
   3.822708e-03
   1.151149e-03
  -3.360523e-03
   1.964276e-02
   1.343290e-02
   2.575109e-02
  -1.013561e-02
   2.671361e-02
   2.926210e-03
   1.329852e-03
   3.573907e-02
  -1.372581e-02
  -4.514520e-05
  -7.422222e-03
   3.674642e-03
   2.818160e-03
   3.790714e-03
   9.202230e-03
   7.552462e-03
   1.276899e-02
  -1.457176e-02
  -1.031104e-02
  -2.438818e-02
   9.095195e-03
   4.358820e-02
   1.061373e-02
   3.166662e-02
  -7.649012e-04
   2.166010e-04
   5.245410e-02
  -5.963364e-02
   1.763555e-03
   7.594207e-03
  -3.868918e-03
  -5.921318e-03
  -4.735517e-03
   2.899849e-02
   3.026586e-02
   2.432612e-03
  -5.106908e-03
  -1.146624e-02
  -1.265972e-02
   2.586749e-03
  -2.752591e-02
  -2.033043e-03
  -1.847562e-03
  -9.940034e-03
  -3.164718e-02
  -2.731075e-02
   1.233308e-02
  -8.254076e-03
   2.682077e-02
   3.595882e-03
   2.191183e-02
   9.385156e-03
   9.966610e-03
   2.358330e-02
  -7.391752e-03
  -1.343622e-03
  -3.000549e-02
   1.776615e-02
   5.498492e-03
  -5.372477e-02
  -3.594502e-02
  -1.358392e-02
  -6.440519e-03
  -1.172031e-02
   1.459881e-03
  -1.744290e-02
  -1.784564e-03
  -5.292891e-03
   4.987970e-03
   1.874469e-02
  -4.308924e-02
  -6.983487e-03
  -6.117331e-03
   8.639650e-03
  -2.096208e-02
  -5.027206e-03
   1.582050e-02
   1.693805e-03
  -1.749776e-02
   1.777815e-02
  -1.055473e-02
  -2.857023e-03
  -5.091900e-03
   5.903844e-03
   1.141948e-02
   4.817014e-02
  -6.533637e-03
   3.561408e-04
  -1.079396e-02
   8.450579e-03
  -9.940518e-03
  -1.627602e-02
  -9.101276e-03
  -1.596676e-02
   3.411077e-03
   3.527520e-03
  -1.638741e-02
  -1.053246e-02
  -1.185795e-02
   1.824026e-02
  -3.618710e-02
  -2.527835e-02
   2.916001e-02
  -5.156281e-03
  -1.397084e-02
  -5.828223e-03
  -6.556887e-03
  -9.078163e-03
  -2.750022e-02
   3.576323e-02
  -3.648858e-02
  -5.811879e-03
  -1.806073e-02
   6.226626e-04
  -1.612014e-02
  -2.113629e-04
   1.876009e-02
  -1.842919e-02
   5.042380e-03
  -2.956229e-02
  -7.325567e-03
   1.837955e-02
  -3.743512e-02
  -3.732780e-02
  -3.976716e-02
  -4.459291e-02
  -1.834009e-02
  -1.055673e-02
  -1.685763e-02
   3.558414e-03
  -1.422459e-02
  -2.967810e-02
  -2.590642e-02
  -1.618835e-02
  -3.887730e-02
   2.607031e-02
   1.275432e-02
   4.238356e-03
   7.119643e-03
   2.771664e-03
  -1.493057e-02
   7.141216e-03
   2.739776e-02
   1.352365e-02
  -8.751063e-03
  -8.674010e-03
  -1.789363e-02
  -9.389245e-03
  -4.191972e-03
  -2.420770e-02
  -5.255983e-02
  -2.455315e-02
  -2.658109e-02
  -4.786455e-02
  -3.188491e-02
  -5.583290e-02
  -3.589604e-02
  -3.269069e-03
  -2.207328e-02
  -9.671269e-03
   7.226670e-03
  -1.612495e-02
  -5.188373e-02
  -2.246428e-02
   2.247397e-02
   2.530865e-02
  -9.771667e-03
   2.099323e-02
  -1.653907e-03
  -1.254384e-03
   1.215074e-03
   2.283094e-02
  -8.856413e-03
  -6.765050e-03
   1.454083e-02
   2.298979e-02
   3.713774e-02
   6.422907e-03
   2.266480e-02
  -4.356774e-02
   4.311979e-02
  -2.164978e-02
  -1.076363e-02
  -2.806860e-02
  -2.635063e-02
  -1.261730e-02
  -3.964908e-02
  -3.674116e-02
  -4.227082e-02
  -3.425921e-02
  -2.026352e-02
  -1.328173e-02
  -3.912475e-02
  -6.742820e-02
   5.017660e-03
  -1.153175e-02
  -3.979071e-02
  -2.312142e-02
   8.463727e-03
  -1.667225e-02
  -1.234349e-02
  -7.978299e-04
  -1.649882e-02
   1.408764e-02
   8.334372e-03
  -2.282060e-02
   7.439992e-03
   3.191609e-03
  -2.878949e-02
  -2.543691e-02
  -2.426407e-02
  -3.391591e-02
   1.173914e-02
   2.446096e-02
  -2.885421e-02
  -2.919577e-02
  -3.813551e-02
   1.639404e-02
  -2.759007e-02
  -4.141402e-02
  -5.417526e-02
  -5.723776e-02
  -1.143986e-02
  -1.612865e-02
  -3.185287e-02
  -5.052984e-02
  -1.065379e-02
  -1.837527e-02
  -1.891952e-02
  -1.804619e-02
  -1.110230e-02
  -2.571334e-02
  -3.566062e-02
  -9.189224e-03
  -5.859556e-03
  -7.219867e-04
   4.618826e-02
   2.331984e-03
   3.484813e-02
  -1.551465e-02
   4.525381e-02
   5.903649e-03
  -1.086342e-02
  -6.685768e-03
   1.329172e-02
  -9.632768e-03
   6.739501e-03
  -2.236020e-02
  -3.144663e-02
  -2.143934e-02
  -4.569123e-02
  -2.849609e-02
  -4.505306e-02
  -2.808948e-02
  -6.796376e-02
  -7.940126e-03
  -6.139572e-03
  -1.582257e-02
  -3.387007e-03
   4.028689e-03
   1.407430e-03
  -1.904153e-02
   5.941891e-03
  -2.120403e-03
   7.645695e-04
  -2.544323e-02
   1.057441e-02
  -2.409367e-03
   2.188945e-02
   1.004106e-02
   1.692903e-02
  -1.270069e-02
   3.394830e-02
   8.247437e-03
  -3.348429e-02
   4.744537e-03
   6.321727e-03
  -2.324073e-03
  -1.066597e-02
  -8.957888e-03
  -1.528106e-02
  -1.895862e-02
  -2.042482e-02
  -2.703983e-02
  -1.121499e-02
  -7.125827e-02
  -1.082590e-02
   3.176664e-03
   1.052419e-03
  -4.113855e-02
   8.899647e-03
  -2.159911e-03
  -4.012624e-03
  -1.085322e-02
  -3.627102e-02
   1.052527e-02
   1.050677e-02
  -9.339080e-03
  -6.692178e-04
  -1.708052e-02
  -1.184472e-03
  -9.862104e-04
  -3.102894e-02
  -2.917876e-02
   9.037238e-03
   4.106423e-02
  -5.973413e-03
  -4.600908e-02
  -3.351793e-02
  -1.792100e-02
  -1.150549e-02
   6.152513e-03
  -5.438651e-03
  -1.868926e-02
   8.026862e-03
  -3.390883e-02
  -4.736807e-02
   9.835297e-03
   1.232021e-03
   3.042027e-02
  -1.280650e-02
  -5.049519e-02
   1.490773e-03
  -1.755536e-02
   7.678014e-03
  -2.783542e-02
  -3.420658e-03
  -7.575387e-03
   6.777775e-04
   4.590922e-02
   1.316832e-02
   3.748828e-03
  -8.560598e-03
   1.404051e-03
  -6.800382e-03
  -1.278661e-02
  -9.684818e-03
  -3.370241e-02
   2.783089e-02
   2.262195e-02
   3.182556e-02
  -3.227649e-03
  -2.358751e-02
  -3.602459e-02
  -1.090462e-02
  -5.450091e-02
  -4.324834e-02
  -4.962396e-02
   9.555379e-03
  -4.646405e-02
  -2.450158e-02
  -1.099522e-02
  -3.440474e-02
  -4.227881e-02
  -3.696489e-02
  -3.783641e-02
  -1.144375e-02
  -1.680592e-02
  -2.563648e-03
  -1.678286e-03
  -8.980525e-04
  -1.169960e-02
  -2.033372e-02
  -2.991268e-02
   7.727709e-03
   7.099494e-03
   3.305652e-03
   9.476679e-03
   2.782466e-03
   5.651760e-02
   2.441515e-02
  -1.174517e-02
   1.004020e-02
   3.406273e-03
  -2.546685e-03
   1.020725e-03
  -6.370366e-02
  -1.669554e-02
  -7.689534e-02
  -4.193467e-02
  -1.452645e-02
   3.821108e-03
   1.948588e-02
  -1.549482e-02
  -7.132425e-03
   2.865127e-02
  -4.261173e-03
  -3.129061e-02
   1.189302e-03
  -7.808309e-03
  -9.536826e-04
   4.323943e-03
  -3.686277e-03
   8.327352e-03
  -1.654267e-02
   9.036740e-03
   9.905295e-03
  -1.564495e-02
   2.807337e-03
   9.082029e-03
  -2.859105e-03
  -2.288341e-02
   2.505728e-02
  -6.936564e-03
  -1.855914e-02
  -5.449621e-03
   8.973770e-03
  -1.430363e-02
  -5.290538e-02
  -1.028357e-03
  -3.528709e-03
  -8.578168e-03
   2.812090e-02
  -1.103599e-02
  -1.795402e-03
  -2.063900e-02
  -7.281407e-03
   1.276802e-02
  -4.391769e-02
  -4.392838e-02
  -1.537899e-02
  -1.217982e-02
   2.233284e-03
   3.908891e-04
  -1.114038e-02
  -2.575359e-02
   6.811844e-03
   1.527476e-03
  -1.126616e-02
  -1.486537e-02
  -4.432648e-03
  -5.594590e-03
   2.863898e-03
   1.556462e-02
   2.300011e-03
  -3.412180e-02
  -5.878106e-02
  -1.561938e-02
   2.336806e-02
  -6.709727e-03
  -2.975871e-02
  -3.637194e-03
  -9.409165e-03
  -5.100084e-02
  -3.514386e-02
  -1.200267e-03
  -1.575005e-03
  -3.494671e-02
  -5.822586e-02
  -4.433880e-02
  -7.059883e-03
  -2.483040e-03
  -3.397878e-03
  -2.776526e-02
   7.022440e-03
  -2.624192e-02
  -1.141004e-02
  -1.174508e-02
  -3.010337e-03
  -5.882265e-03
   3.167594e-04
   4.127529e-02
   2.570084e-02
  -2.989164e-02
   6.483057e-03
   2.220914e-02
  -3.228312e-02
   1.911366e-02
   8.797493e-03
   3.092834e-02
   2.226203e-02
  -6.144626e-03
  -1.998902e-02
  -1.155624e-02
  -1.524390e-02
  -3.053556e-02
  -3.827087e-02
  -3.264977e-02
  -2.360946e-02
  -2.467777e-02
  -4.976856e-03
  -2.580930e-02
   3.666153e-03
   4.445398e-02
  -3.417761e-02
  -1.180902e-02
  -3.115562e-03
  -4.138662e-02
  -1.165753e-02
   2.263441e-03
  -4.097780e-03
  -2.236296e-02
  -1.257215e-02
  -7.503075e-03
   1.114405e-02
  -9.010856e-05
   3.075083e-02
   1.635039e-02
  -3.908807e-03
  -3.288092e-03
   1.754029e-02
  -6.172207e-02
  -3.893694e-02
  -3.830239e-02
  -3.249652e-02
  -1.974308e-02
  -9.474647e-03
  -1.650276e-02
  -1.203254e-02
   3.421873e-05
  -3.920741e-02
  -2.031761e-02
  -2.303895e-02
  -5.480910e-02
   8.987454e-03
  -4.779924e-02
   5.744899e-03
   1.782236e-02
  -7.532298e-03
  -3.730369e-02
   1.782406e-02
  -1.547159e-02
  -3.320661e-02
  -1.645298e-02
  -2.073931e-02
  -1.289223e-02
  -4.703950e-03
  -1.236367e-02
  -1.756202e-03
   1.506422e-03
  -1.007492e-02
   9.481377e-03
   4.397082e-02
  -5.343672e-02
  -1.768928e-02
  -3.358034e-02
   1.346641e-02
  -2.135091e-03
   1.264574e-02
  -1.396830e-02
  -9.640432e-03
   6.178206e-03
  -2.922346e-03
  -3.768882e-02
  -2.700761e-02
  -1.856306e-02
  -1.832949e-02
  -4.702441e-02
  -1.111028e-02
   3.069562e-03
  -1.076099e-03
  -2.961251e-05
  -1.406989e-02
   2.829243e-03
   6.098265e-03
   5.767664e-03
   1.266351e-03
  -1.794453e-03
  -3.249202e-03
  -1.412670e-03
  -1.485739e-02
  -1.544775e-03
   1.791484e-02
   9.107421e-03
   2.410327e-02
   1.239687e-02
  -2.385268e-02
  -2.138177e-02
  -3.953462e-02
  -2.557360e-02
  -1.665944e-02
  -3.561832e-02
  -1.873909e-02
   3.777976e-03
  -1.797160e-02
  -3.209292e-02
  -2.873961e-02
  -2.764602e-03
  -2.526336e-02
   1.941030e-02
  -5.319496e-03
  -6.696672e-03
   1.879540e-04
  -4.216329e-03
   1.270111e-02
   1.786105e-02
   1.262119e-02
   2.282716e-02
   1.877070e-02
   6.242516e-03
  -7.898664e-04
   1.137486e-02
  -4.140328e-02
  -1.074298e-02
   8.136606e-03
  -1.506980e-02
   2.198504e-04
   7.245317e-03
  -1.231892e-02
  -4.488119e-03
  -2.057277e-02
  -2.426759e-02
  -2.095101e-02
  -1.298637e-02
   8.185570e-03
  -1.401635e-02
  -2.408194e-02
  -3.250711e-02
  -8.956409e-02
  -2.043380e-02
  -7.853093e-03
  -1.645081e-02
   1.779959e-03
  -2.472471e-02
  -7.180411e-03
  -2.972477e-02
  -8.511829e-03
   2.800909e-03
   3.698288e-03
   1.168777e-02
   1.681849e-02
  -2.658647e-03
  -1.752764e-02
   1.294657e-02
  -1.105648e-02
   2.133244e-02
   3.663495e-03
  -8.366409e-03
  -1.539938e-02
  -5.922977e-03
  -9.140176e-03
  -9.178631e-03
  -1.400074e-02
   2.603411e-02
  -2.192600e-02
  -3.561707e-03
   3.622722e-03
  -3.899014e-02
  -1.581863e-02
   1.047164e-03
  -2.205090e-02
   1.844659e-02
   4.729066e-03
  -1.604500e-02
   1.369476e-03
  -7.530579e-03
  -1.749488e-02
  -1.573876e-02
  -6.440083e-03
   1.498942e-02
  -1.661062e-02
   2.253879e-03
   5.458533e-03
   1.645571e-02
  -1.368735e-02
  -1.429961e-02
  -2.151410e-03
   1.004558e-02
  -6.448655e-03
   3.289752e-03
  -1.286665e-02
   2.446983e-02
   6.246061e-03
   4.066026e-03
  -1.072431e-02
  -1.906268e-02
  -1.019448e-02
  -2.888770e-02
  -1.263249e-02
  -1.850264e-02
   9.680338e-04
  -5.814142e-03
  -3.735016e-03
   9.074196e-03
   9.997026e-03
   1.403303e-02
  -1.212709e-02
   5.956405e-03
  -3.845036e-03
   3.364407e-06
   4.930342e-03
   2.783218e-02
   7.368005e-03
   8.479828e-03
  -6.249699e-03
   2.061144e-02
   1.137859e-03
   2.580495e-03
   1.650582e-02
  -1.464128e-02
  -1.841863e-02
  -3.416595e-02
  -1.276725e-02
  -3.107929e-03
   5.588560e-03
   3.409002e-03
   5.724182e-04
  -2.059409e-02
   4.247711e-02
   8.464226e-04
  -2.030905e-02
  -2.335596e-02
  -2.353191e-02
  -3.794154e-02
   8.284502e-03
   4.378789e-02
   1.215181e-02
  -6.029969e-03
  -1.453925e-02
  -4.876051e-03
  -9.172736e-03
   4.348796e-03
   2.492857e-02
  -2.107698e-02
  -1.238947e-02
  -1.048302e-02
  -9.914803e-04
  -3.435909e-03
  -6.941085e-03
  -3.069679e-02
   1.507360e-03
   2.152189e-02
  -5.739761e-03
  -2.032254e-02
  -2.007623e-02
   2.153616e-02
  -2.377696e-02
  -1.163782e-02
  -1.939582e-02
  -1.171856e-02
  -1.876955e-04
  -1.105014e-02
  -4.609418e-02
  -1.644222e-02
  -3.227257e-02
   2.960558e-03
   1.552199e-03
   1.420780e-03
  -2.240846e-02
  -4.223179e-03
  -2.546069e-02
  -6.045308e-03
  -1.879712e-02
   1.635983e-03
  -1.467497e-02
  -2.322144e-02
  -2.536590e-02
  -7.838882e-03
   1.375827e-02
  -2.642251e-02
  -7.168377e-03
   4.404589e-06
  -1.301470e-03
   1.136336e-02
  -1.560380e-03
   8.202392e-03
   1.987642e-04
   1.247013e-02
   1.460990e-02
  -6.787517e-03
  -5.731489e-03
   8.988867e-03
   7.685674e-03
   1.464707e-02
   8.845354e-03
   4.487490e-02
  -1.113693e-02
   1.167185e-02
  -1.139947e-02
  -1.356185e-02
  -1.893470e-02
   1.488279e-02
  -9.343375e-03
  -4.051595e-03
  -1.254719e-02
  -4.897448e-03
   1.108478e-02
  -2.033474e-02
  -1.744805e-02
  -9.264892e-03
  -1.303097e-02
   1.193657e-03
   4.685685e-03
   5.360893e-04
  -3.081822e-03
  -1.311094e-02
  -2.006751e-02
  -1.488330e-02
  -2.945136e-03
  -1.795822e-02
  -1.406556e-02
  -4.613079e-02
  -2.313624e-02
  -2.153285e-02
   7.294458e-03
  -3.431508e-03
  -1.569411e-02
  -2.888557e-02
  -1.228090e-02
  -7.723436e-03
   6.130331e-03
  -2.383496e-02
  -2.943951e-02
  -2.160436e-02
  -4.788589e-03
   1.172950e-02
  -1.626009e-02
  -1.976336e-02
  -1.139963e-02
  -7.847818e-03
   4.639107e-03
  -1.213576e-02
   2.307270e-02
  -1.628730e-02
  -1.672139e-03
  -4.281911e-03
  -1.170968e-02
  -9.582391e-03
   2.216882e-02
   2.575614e-02
   2.086220e-02
   5.099777e-03
  -6.783145e-03
  -2.026220e-03
  -1.914982e-02
   1.061832e-02
   8.886262e-03
  -1.242926e-03
  -2.883775e-02
  -2.111856e-02
  -1.377682e-03
  -3.436603e-03
  -1.208691e-03
  -4.306358e-03
  -5.422915e-04
  -1.774199e-02
   1.191705e-02
   1.935971e-04
  -1.738793e-02
  -2.388450e-02
  -2.422657e-02
  -7.847818e-03
  -1.604355e-03
  -6.870060e-03
   1.219962e-02
   2.039621e-02
   6.585201e-03
   2.190951e-03
  -7.315151e-03
  -9.275170e-03
   6.446827e-03
  -6.114139e-04
  -2.585628e-03
   2.427826e-02
   1.538961e-02
   2.225476e-02
   4.738837e-02
   1.016722e-02
  -2.986637e-03
   1.841129e-02
  -1.196697e-02
  -2.537323e-02
  -1.560045e-02
  -1.241293e-02
  -1.199604e-02
  -4.378012e-02
   2.847933e-03
   9.658132e-03
  -2.774076e-02
  -5.484231e-03
   1.548974e-02
  -3.450220e-02
  -3.739559e-02
  -7.847818e-03
  -4.726087e-03
  -5.798073e-03
  -5.112132e-03
  -2.792102e-02
   1.592706e-02
   1.377567e-02
  -3.126398e-02
  -1.092797e-02
  -5.296331e-03
  -3.206300e-02
   2.953135e-03
  -2.477026e-02
  -5.609541e-03
   1.354642e-02
   1.587263e-02
  -1.435116e-02
  -1.669139e-02
   1.687798e-02
  -1.206821e-02
  -7.889277e-03
  -2.005045e-02
  -1.861860e-02
  -1.444070e-02
  -1.529506e-02
  -5.783170e-03
  -7.591118e-03
  -3.522867e-02
  -7.857913e-03
  -8.191928e-05
  -1.045221e-02
   3.227492e-03
  -7.847818e-03
  -6.286952e-03
  -3.671360e-03
   1.070945e-03
  -1.189808e-02
  -8.844166e-03
   4.834398e-03
   1.450914e-02
  -2.810999e-02
   1.535881e-02
  -7.989984e-03
   2.893052e-02
  -1.572971e-02
   1.095273e-04
   2.166783e-02
   4.971565e-04
   1.150194e-02
   2.308750e-03
   5.931397e-03
   3.593788e-03
   1.691817e-02
  -6.271474e-03
  -1.244504e-02
  -4.850031e-03
   1.233564e-02
  -3.094433e-03
  -5.771813e-03
   1.484529e-02
  -1.943560e-02
  -1.710107e-02
  -1.377664e-02
  -5.274573e-03
   6.233141e-03
   1.197064e-02
   1.584690e-02
   3.594167e-03
  -5.236397e-03
   2.054502e-02
   1.476426e-02
   1.497261e-02
   3.565312e-03
  -7.742309e-04
   3.545687e-02
   3.124195e-03
   5.635884e-03
  -1.161949e-02
   1.371191e-02
   4.361201e-03
   1.714385e-02
  -1.073204e-03
   8.883061e-03
   2.803700e-02
  -3.872594e-03
   1.539611e-02
   1.961031e-02
   1.763717e-02
   9.579154e-03
  -7.759620e-05
  -6.757850e-03
   8.181121e-03
  -2.816702e-03
  -5.232004e-03
   1.610412e-02
   1.610412e-02
   4.956441e-04
  -1.358798e-02
  -6.218693e-03
  -1.200113e-02
  -1.628367e-03
   8.930724e-03
   7.675081e-03
   4.406361e-03
  -2.034656e-02
  -1.029082e-02
   4.121685e-03
  -3.930372e-03
   6.126484e-03
   2.902558e-03
   9.685721e-03
   1.424584e-02
   2.390559e-02
   1.229449e-02
  -3.146073e-04
   1.462021e-02
   1.613825e-02
  -4.825573e-03
   2.579764e-02
  -4.480614e-03
   1.117789e-02
   1.102921e-03
   1.496074e-02
   1.715451e-02
  -1.139922e-02
  -5.015727e-03
   1.044098e-02
   5.928171e-03
   5.648561e-03
  -7.887343e-03
  -1.513257e-02
   7.003506e-03
   2.407749e-02
   1.186906e-02
   2.598977e-03
   7.218016e-03
   7.403336e-03
  -4.855031e-03
  -1.167761e-02
   9.989179e-03
   3.353566e-02
   2.165562e-02
   7.882574e-03
   1.202670e-02
  -5.082561e-03
  -4.141975e-03
  -2.157390e-02
  -1.387857e-03
   3.468883e-03
  -2.661031e-03
   2.184302e-03
   1.352063e-02
  -6.645860e-03
  -2.164935e-02
  -5.742539e-03
  -9.283534e-03
   1.296855e-02
  -1.703753e-02
   2.386399e-02
  -8.760584e-03
   1.179389e-02
  -8.280892e-03
  -1.197304e-03
   1.982155e-02
   6.864372e-03
   2.586968e-02
   1.289479e-02
   1.446339e-02
  -1.225499e-02
   1.293164e-02
   3.345715e-02
   6.745942e-03
   9.328066e-03
   7.513303e-03
   9.565009e-03
   5.320430e-03
   7.004051e-03
  -2.694640e-02
   1.877041e-02
  -2.066624e-03
   4.626717e-03
   3.478945e-02
   1.848643e-02
   1.877334e-02
  -2.963261e-02
  -3.978428e-02
  -1.380288e-02
   3.734478e-03
  -3.955934e-03
  -2.589856e-03
   1.857764e-02
  -1.476594e-02
   1.993935e-02
  -1.547091e-02
  -9.942003e-03
  -1.315779e-02
  -1.889749e-03
   5.887561e-02
   8.647120e-03
   2.995501e-02
  -2.123708e-02
   3.537943e-02
   4.245781e-03
   5.891454e-03
   3.774576e-03
  -1.049548e-02
  -2.213275e-03
   1.423283e-03
   1.560918e-03
  -6.296822e-03
   6.495019e-03
  -7.536929e-03
   3.511279e-02
   2.114082e-02
   1.819864e-02
   8.661049e-03
   5.002037e-02
  -3.222519e-02
  -1.341919e-02
  -4.671460e-02
   7.815596e-03
  -7.943598e-03
   3.590748e-02
   1.081313e-02
   9.682090e-03
  -8.863870e-03
  -1.228162e-02
  -1.803900e-02
   1.941590e-03
   2.751201e-02
  -2.642569e-02
   5.496485e-03
  -4.042632e-03
   7.565635e-03
   6.027015e-03
   6.682638e-03
   1.037426e-02
   8.922667e-03
  -9.345914e-03
  -1.273225e-02
   1.571960e-03
  -4.252146e-03
  -1.132906e-03
  -6.121078e-03
   3.640664e-04
  -3.537601e-03
   4.675073e-03
  -2.306051e-02
  -6.985595e-03
  -2.982135e-02
   5.751827e-04
   2.227420e-02
  -6.204961e-03
   1.396128e-02
   4.477790e-03
  -7.089490e-03
  -3.501337e-02
  -1.296982e-02
  -5.752775e-03
   1.079092e-02
   1.831009e-04
  -2.148281e-02
  -7.468864e-03
   1.252539e-02
  -7.995570e-03
   3.652441e-02
   1.999471e-02
   1.788785e-02
  -7.231087e-03
   1.001371e-02
   1.503868e-02
   6.064548e-03
   1.588721e-02
  -1.115082e-02
   1.117755e-02
   4.063992e-02
  -2.399784e-02
   2.290383e-02
   9.314135e-03
   3.635048e-04
  -2.508090e-02
  -1.548618e-02
  -1.194625e-02
   2.319094e-03
   2.238190e-03
   1.324874e-02
   3.421106e-02
   1.088824e-02
  -7.585177e-05
   4.967771e-03
  -8.550572e-03
  -1.471645e-02
   1.078241e-02
   1.301273e-02
   5.507650e-03
   1.902548e-02
   1.288221e-02
   2.761673e-02
   1.953956e-02
   8.497783e-04
   8.240820e-03
   2.333533e-02
  -5.750012e-03
   8.147655e-03
   2.412843e-02
   2.080726e-02
   1.635399e-02
  -4.383076e-02
  -2.103316e-03
   2.645947e-02
   1.102406e-02
   7.571446e-03
   6.566229e-03
  -1.958509e-02
  -9.335291e-03
  -8.510062e-03
  -4.101116e-04
   1.691111e-02
  -1.146774e-03
   1.566759e-02
  -1.090205e-02
   5.750137e-04
   2.009374e-02
   2.304380e-02
   1.763881e-02
   1.658057e-02
   1.909017e-02
   2.590303e-03
   1.042202e-02
   3.456433e-02
   3.017118e-02
  -1.347658e-02
   1.600926e-02
  -3.696065e-02
   3.762690e-02
  -2.999094e-03
  -2.002661e-02
  -7.050104e-03
  -2.038946e-02
  -2.364616e-02
  -1.031015e-02
   5.101837e-04
   7.511997e-04
  -8.096191e-03
   1.629896e-02
   1.589652e-02
  -1.387964e-02
  -8.680766e-03
  -2.644877e-02
  -2.782412e-02
   2.022311e-02
  -2.119544e-02
   5.108833e-04
   4.262250e-03
  -2.834257e-03
   3.808943e-03
  -2.791725e-02
  -2.375075e-03
   6.135466e-03
  -1.351741e-02
  -8.348749e-03
   2.352958e-03
   1.626207e-02
   5.310016e-03
  -1.574717e-02
   1.088065e-02
   7.722456e-03
  -3.774433e-02
   2.520053e-02
  -3.543396e-03
  -3.916125e-03
  -6.718256e-03
  -5.180964e-03
  -1.485979e-02
  -9.573638e-03
  -2.075435e-02
  -7.114568e-03
  -3.538243e-02
   5.525904e-03
  -1.201864e-03
  -7.428374e-03
   2.623924e-03
   9.598879e-03
   2.418103e-03
   2.589120e-02
  -8.238457e-03
   1.517547e-02
   3.462319e-03
  -1.687303e-02
  -4.299086e-03
  -1.290385e-02
  -2.244384e-02
  -5.079562e-03
   3.349403e-03
   1.529035e-02
   3.420175e-02
  -7.595616e-03
   1.773416e-02
  -3.326346e-02
  -3.295360e-03
  -4.930983e-03
  -2.840789e-02
  -3.587993e-02
   9.337534e-03
  -1.725176e-02
  -3.585693e-02
  -3.431616e-03
   2.161258e-02
  -4.917626e-02
  -9.981517e-03
   3.392183e-02
  -4.507312e-04
  -4.686788e-03
  -2.702196e-02
  -7.554060e-03
   4.148851e-03
   1.982386e-02
  -1.458802e-03
  -3.022976e-04
   1.580011e-03
   1.100389e-02
   2.152180e-02
  -1.116053e-02
   3.205915e-03
  -2.316902e-02
   6.505938e-05
   7.348176e-03
   1.505202e-02
  -7.074291e-03
  -3.501293e-03
  -5.208650e-03
   8.230654e-04
  -1.242758e-02
  -6.624299e-03
  -5.390157e-02
   7.371944e-03
  -9.838928e-03
  -3.633966e-02
  -7.684427e-03
  -1.799813e-02
  -1.797480e-02
   1.071079e-02
   1.480484e-02
  -2.063346e-03
  -2.773306e-02
  -1.990086e-02
  -1.694200e-02
  -1.752630e-03
  -8.370607e-03
  -1.019021e-02
  -1.462356e-02
  -1.617698e-03
   3.778677e-02
   2.383081e-03
  -1.630383e-02
   5.509953e-03
   1.572102e-02
   1.155284e-03
  -1.728230e-02
  -1.308069e-02
  -1.007749e-02
   7.583222e-03
   2.113881e-02
   1.097321e-02
  -3.897811e-02
  -9.167199e-03
  -1.104246e-02
   1.901516e-02
  -1.383138e-02
  -1.825162e-02
   2.703169e-02
   1.971885e-02
   2.327186e-02
  -2.994595e-02
   1.665009e-02
   1.138983e-02
  -2.508273e-02
  -1.166064e-02
  -1.296907e-02
  -2.623777e-03
  -1.142216e-02
  -1.630788e-02
  -2.522624e-02
  -3.121402e-02
   4.001737e-03
   4.170427e-02
  -3.311001e-02
   1.941670e-02
  -2.577338e-02
  -3.983300e-06
  -4.972130e-03
  -1.515428e-02
  -8.196348e-04
   2.277287e-02
   7.503306e-03
  -2.804121e-02
  -3.991900e-02
  -1.851418e-02
  -3.885631e-03
   4.693600e-04
  -3.027253e-04
  -4.986713e-02
  -1.020985e-02
  -9.232949e-03
  -3.044750e-02
  -4.479369e-02
   1.281480e-02
   4.933370e-03
  -1.034313e-02
  -3.090174e-02
  -1.823216e-02
   6.850373e-03
   3.240149e-03
  -1.301119e-02
   1.483840e-02
   2.099509e-02
  -5.670918e-03
   1.385638e-02
   1.008421e-03
   2.704858e-02
  -5.482850e-03
  -2.340964e-03
  -3.039869e-03
  -9.097074e-03
  -4.958355e-03
   6.187917e-03
  -1.690476e-02
   5.267373e-03
   2.472703e-02
  -2.108490e-02
  -3.530578e-02
  -1.286189e-02
  -1.776255e-02
  -9.974172e-04
  -8.770988e-03
  -1.551681e-02
  -2.835124e-02
  -4.564694e-02
  -3.065939e-02
   5.871990e-03
  -2.235571e-03
  -1.606913e-02
  -3.590821e-02
  -1.365524e-02
   1.580009e-02
  -2.592414e-02
  -6.272052e-04
   9.213390e-03
   2.720026e-03
   1.624119e-02
   2.002871e-02
  -1.089684e-02
   1.101757e-03
  -8.371519e-04
   3.508767e-03
   7.190456e-04
  -2.043750e-03
   2.384191e-02
  -2.204621e-03
  -1.355102e-02
  -3.186319e-02
  -5.865190e-02
   1.181146e-02
  -3.327371e-02
   5.690664e-03
   1.597219e-02
   5.914424e-03
  -1.571204e-02
  -4.040042e-02
  -9.685516e-03
  -9.488090e-03
  -7.503438e-04
  -1.300300e-03
   4.768991e-03
  -3.013290e-02
  -1.529456e-02
  -1.957188e-02
  -1.870026e-02
  -5.352497e-03
   3.269969e-03
   2.355602e-02
  -2.104230e-02
   2.971135e-04
   8.444579e-03
  -4.554645e-02
  -3.004819e-02
   1.440332e-02
   7.745444e-03
  -2.777760e-02
   2.241190e-02
  -6.763473e-03
  -2.812254e-02
  -5.887091e-03
   1.838741e-02
   1.218194e-02
   1.125983e-02
  -4.959138e-02
   1.600515e-02
  -4.567545e-02
  -4.343372e-03
  -3.123543e-02
   2.974350e-03
  -3.453553e-03
   1.365068e-03
  -6.984276e-03
  -6.769903e-03
  -2.031083e-02
  -2.482524e-02
  -1.648416e-02
  -9.666436e-03
  -4.885885e-03
  -1.499511e-02
   2.379807e-02
   2.675790e-02
  -6.242535e-03
   5.942567e-04
  -1.516217e-03
   2.508959e-03
  -1.687464e-02
  -4.724460e-03
  -3.327677e-04
  -1.989672e-02
  -1.913863e-02
  -3.561232e-03
   4.823559e-03
  -9.837560e-03
  -1.585428e-02
  -4.561938e-03
   1.902149e-02
  -1.144802e-02
   1.796113e-02
   1.059142e-02
  -4.984968e-03
   7.415024e-03
  -8.665538e-03
  -1.730301e-02
  -1.552822e-02
  -1.190296e-02
  -3.955218e-02
  -2.423790e-02
  -1.339643e-02
   6.185105e-03
   1.047050e-02
   2.300692e-04
  -8.539092e-04
   1.336577e-02
   5.026636e-03
   1.691201e-03
   5.870719e-03
   1.743717e-02
   7.678641e-03
  -1.978921e-02
   1.576598e-02
   3.097482e-02
  -1.443962e-02
   2.819268e-02
  -1.273515e-02
  -4.670693e-02
  -2.873716e-02
  -4.937139e-02
  -1.993272e-02
  -2.077306e-02
  -3.039784e-02
   2.585137e-02
  -4.728937e-02
  -1.856863e-02
  -2.531564e-02
  -2.835663e-02
  -2.592263e-02
  -1.216926e-02
   1.317799e-03
  -8.336273e-03
  -1.708430e-02
  -2.077217e-02
   1.971251e-02
   6.298794e-03
   8.909481e-03
   1.118912e-02
   1.129211e-02
   9.835801e-03
   6.611585e-04
  -1.372304e-02
   3.053588e-02
   2.481863e-03
  -9.056361e-03
  -3.203768e-02
   2.872061e-02
  -1.602881e-02
  -2.239852e-02
  -5.081215e-02
  -3.016037e-03
  -1.043491e-02
  -2.088310e-02
  -6.140522e-02
   6.052767e-03
  -1.765806e-03
  -6.308171e-03
  -6.679716e-02
   3.152400e-02
  -8.824158e-03
   1.889279e-02
  -3.639460e-03
  -1.591290e-02
   6.233653e-03
  -2.972996e-03
   1.786634e-02
   4.283149e-03
   2.338396e-04
   7.501627e-03
   9.345373e-03
   3.503514e-03
  -5.046297e-03
  -1.615705e-03
   2.551691e-02
   6.569939e-03
  -3.209843e-02
   3.440671e-02
  -1.952501e-02
  -2.296658e-02
  -5.788575e-03
   1.353172e-02
   5.473861e-03
   3.331092e-03
   3.153088e-02
  -1.893958e-02
  -3.564724e-02
  -3.857141e-02
  -3.265919e-02
  -2.263095e-02
  -2.093937e-02
  -1.834177e-02
  -3.668712e-02
  -1.474471e-02
  -5.368472e-03
  -7.787592e-03
   9.563594e-03
  -9.701028e-03
  -5.168504e-03
  -1.882363e-02
  -9.880424e-03
   1.336156e-02
   1.464496e-03
  -1.012694e-02
  -2.847821e-02
  -2.759459e-02
  -3.470481e-02
   2.325390e-03
  -5.262917e-03
  -2.959158e-03
  -1.711368e-02
   4.258437e-03
  -1.842407e-03
  -2.196166e-02
  -9.125035e-03
  -8.149369e-03
  -4.146539e-03
  -4.584222e-02
  -3.755844e-02
  -3.781225e-02
  -4.680137e-02
  -1.794063e-02
  -5.598558e-03
   1.153062e-02
   4.337056e-03
  -3.581604e-02
  -3.298652e-02
  -1.943259e-02
  -4.934498e-03
  -7.331801e-03
  -1.001570e-02
  -8.634149e-03
   1.817266e-02
  -2.510790e-02
  -6.722012e-03
  -3.672150e-03
   3.511570e-03
  -1.480075e-02
  -2.278055e-02
  -1.778520e-02
   1.168053e-02
  -2.420825e-02
  -1.930375e-02
  -1.658931e-02
   1.612217e-02
  -2.221355e-02
  -1.088730e-02
  -2.265699e-02
  -7.264959e-02
  -4.684730e-02
  -1.006666e-01
  -9.588870e-03
  -2.376618e-02
   3.268338e-03
   1.106023e-02
  -4.628066e-02
   1.907979e-02
  -5.486633e-02
  -3.926628e-02
  -2.602098e-02
  -1.499135e-02
   1.994852e-02
  -2.419874e-02
  -4.150307e-03
   1.928612e-02
   1.725384e-03
  -2.166961e-02
   1.527232e-02
  -2.271063e-02
   4.843539e-02
  -2.383144e-02
   2.520129e-02
   2.497377e-03
  -1.283498e-02
  -2.184928e-02
  -4.034700e-02
  -3.717147e-02
   1.882927e-02
  -3.300822e-02
  -4.210660e-02
  -5.737809e-02
  -6.742693e-02
  -7.525299e-02
  -6.991142e-02
  -4.362163e-02
  -4.516830e-02
  -3.542949e-02
  -4.824889e-02
  -6.831031e-02
  -4.709840e-03
  -2.111339e-02
  -1.936406e-02
  -1.401856e-02
  -7.358437e-03
  -1.019948e-02
  -3.054462e-03
   1.022633e-02
   3.525397e-04
  -2.820075e-02
  -1.811394e-02
  -1.048971e-02
  -1.088836e-02
  -1.630383e-02
  -1.419169e-02
  -8.498920e-04
   2.276929e-03
  -1.491141e-02
  -2.499657e-02
  -1.973132e-02
  -3.575872e-02
  -2.356373e-02
  -3.859717e-02
  -4.817653e-02
  -9.022932e-02
  -6.273914e-02
  -7.375672e-02
  -7.195278e-04
  -5.757236e-03
  -5.936100e-02
  -2.552502e-02
  -3.040187e-02
  -1.671086e-02
  -6.522330e-03
  -7.969038e-05
   2.684432e-03
  -1.672142e-03
  -9.970718e-03
  -1.238160e-02
  -5.034377e-03
   3.521086e-03
  -3.820779e-03
   3.877536e-02
   3.647374e-03
   1.381251e-03
  -1.314999e-03
   1.097758e-02
   6.464689e-03
  -2.021952e-02
   8.494568e-04
  -2.257381e-02
  -3.085232e-02
  -1.513165e-02
  -2.164063e-02
  -5.012118e-02
  -6.501523e-03
  -5.952745e-02
  -5.130065e-02
  -4.160661e-02
  -2.266652e-02
  -2.668557e-02
  -4.388347e-02
  -2.796878e-02
   2.629719e-03
  -1.502086e-02
   1.825726e-02
   2.288319e-02
  -1.729157e-02
  -8.650899e-03
  -1.562966e-02
  -1.069170e-02
  -1.294786e-02
   2.258696e-02
   3.117650e-03
  -2.546605e-03
  -1.507740e-02
   1.562707e-02
   3.109164e-03
   1.328882e-02
  -3.023393e-03
  -2.882369e-02
  -3.658770e-02
  -3.529580e-02
  -1.845972e-02
   1.076897e-02
  -7.739007e-03
   1.873803e-02
  -4.867942e-03
  -2.282707e-02
  -3.867667e-03
  -3.854562e-02
  -4.209443e-02
  -2.487161e-02
   3.945145e-03
   3.959320e-02
   2.423214e-02
  -1.227053e-02
  -1.786945e-02
  -4.207359e-03
  -3.639551e-03
  -2.067173e-02
  -3.269256e-02
  -1.807683e-03
  -2.777256e-02
   1.036290e-02
  -3.748977e-03
  -1.494008e-02
  -3.852465e-02
   1.453413e-02
  -1.516424e-02
  -1.480049e-02
  -6.321420e-04
  -1.269915e-02
  -2.054084e-02
  -2.112595e-02
  -2.299529e-02
  -2.029164e-02
  -3.882240e-02
   1.159615e-02
   1.863192e-02
  -1.630528e-02
  -5.541860e-03
  -6.385046e-04
  -3.616507e-02
  -1.502899e-02
  -4.219422e-02
  -5.064680e-03
  -9.457494e-03
  -4.042394e-02
  -2.577900e-02
  -1.820363e-02
  -8.151106e-03
  -2.216129e-02
  -2.365084e-02
  -3.181326e-02
  -5.307376e-03
  -3.380245e-03
   3.819796e-03
  -1.090048e-02
  -2.158116e-02
   1.802002e-02
  -6.147806e-04
  -1.443529e-02
   2.799447e-02
  -3.136888e-03
  -1.175055e-02
   1.489675e-02
  -3.210387e-02
  -6.106776e-04
  -1.976610e-02
  -9.729662e-03
  -8.325633e-03
  -6.215383e-03
  -1.355995e-03
  -4.539173e-03
  -1.162302e-02
  -8.326773e-04
   4.483064e-05
   9.564901e-03
  -1.856631e-02
  -3.343506e-02
  -4.120532e-02
  -2.739761e-02
  -1.638728e-02
  -2.216129e-02
  -2.290607e-02
  -2.735966e-02
  -6.276113e-03
   1.383870e-02
   1.858861e-02
  -4.188302e-03
  -3.259975e-03
   1.232797e-02
   5.856597e-03
  -1.220326e-02
  -1.758540e-02
  -1.609232e-02
  -1.905243e-02
  -2.593943e-02
  -6.331462e-03
  -7.234054e-03
   9.734897e-04
  -2.242306e-02
  -1.698999e-02
   1.125373e-03
  -8.262492e-03
  -5.027147e-03
  -1.372051e-02
  -3.881439e-02
  -1.759902e-02
  -4.252305e-03
  -9.442578e-03
  -3.354468e-02
  -3.046112e-02
  -2.278387e-02
  -1.361314e-02
  -2.216129e-02
  -2.253368e-02
  -2.494667e-02
  -1.134881e-02
  -6.877355e-04
  -3.693789e-03
  -2.118136e-02
  -1.603008e-02
   2.222387e-02
  -9.924017e-04
  -2.264894e-02
   1.571505e-02
  -4.220248e-02
   3.364729e-02
   5.081325e-03
  -8.571498e-03
  -2.296757e-02
   1.482839e-02
   9.374082e-03
  -3.833665e-02
   4.158615e-02
  -2.455686e-02
   6.413583e-03
  -1.779118e-02
  -1.737062e-02
  -2.542192e-02
  -1.849087e-02
  -2.234231e-02
  -4.359374e-02
   3.232722e-03
  -1.095155e-02
  -1.330349e-02
  -2.216129e-02
  -2.234748e-02
  -2.025962e-02
  -1.348472e-02
  -7.219911e-03
  -7.487278e-03
  -2.851736e-03
  -3.583673e-02
  -1.143150e-02
  -9.401143e-03
  -2.962883e-02
   7.671964e-03
  -1.642901e-02
   1.280241e-02
   2.118893e-02
   4.070722e-03
   1.012800e-02
  -2.099887e-02
   2.763881e-03
  -1.800896e-02
  -1.845410e-02
  -2.668173e-02
  -1.013407e-02
  -7.810515e-03
   4.493711e-03
  -4.822718e-02
  -8.744508e-04
  -6.645655e-03
  -6.894731e-03
  -7.817363e-03
  -9.384456e-03
  -1.134398e-02
