  -1.811636e-03
  -1.232983e-02
   1.773733e-02
   5.118767e-03
  -3.533687e-03
   1.603850e-02
  -3.134407e-03
   1.635760e-02
  -2.055501e-02
  -2.106009e-03
   7.998273e-03
  -5.421154e-03
   5.324191e-02
   2.053940e-02
   2.203982e-02
   4.765004e-03
  -9.496786e-03
   2.719337e-02
   2.197981e-02
  -2.752439e-03
   8.990559e-03
   3.094755e-02
   3.179384e-02
   5.372100e-02
   1.591511e-02
  -6.666229e-03
   1.280177e-02
  -2.532251e-03
   9.623262e-03
   1.047193e-02
   8.026432e-03
   8.026432e-03
   8.706559e-03
  -9.960376e-03
  -1.946488e-04
   6.129726e-03
   2.414269e-02
  -1.630447e-02
   6.949596e-03
   2.795800e-02
  -6.837150e-03
   5.272254e-03
   2.074914e-02
  -1.982575e-03
   3.983736e-03
  -3.809561e-02
  -4.516182e-03
  -4.230706e-03
   1.796455e-02
   3.698248e-02
   4.149849e-02
   8.662109e-03
  -1.275972e-02
   1.064032e-02
   1.071298e-02
   2.745997e-02
   6.905579e-04
   6.210995e-03
   1.944510e-02
   5.174850e-03
   2.093011e-02
   2.216008e-03
   4.617404e-03
  -5.542477e-04
   3.601546e-03
  -1.866847e-02
  -1.468528e-02
   1.057770e-02
   3.524366e-02
   1.273948e-02
   1.927926e-02
   9.008362e-03
   5.671724e-03
   7.353883e-03
   1.111767e-02
   3.837306e-02
   1.135048e-02
   4.984894e-02
   2.221767e-03
   2.272684e-02
   8.548319e-03
   1.936821e-02
   1.996355e-02
  -5.323796e-03
  -2.265262e-02
   4.267754e-03
  -1.685371e-02
   8.441779e-03
   7.522034e-03
   1.137455e-02
   2.975329e-02
  -2.799309e-03
   5.849939e-03
   1.912739e-02
  -6.457824e-03
  -1.430658e-02
   1.313251e-02
   1.977247e-02
   2.965465e-03
   3.809206e-03
   2.240889e-04
   3.033862e-03
   5.809854e-03
  -1.687554e-02
   2.279443e-04
   9.151979e-03
   1.478483e-03
  -1.197447e-02
   2.095928e-02
   1.650789e-02
   1.150893e-02
   7.836711e-03
   1.153789e-02
  -1.862835e-02
  -1.427634e-02
  -2.726822e-02
   6.371781e-03
   5.811985e-03
  -8.094921e-03
  -1.045794e-02
   9.581247e-03
   5.272156e-03
   9.309897e-03
   3.621444e-03
   5.751146e-03
   1.560151e-02
   1.357028e-02
   3.509151e-02
   2.900954e-02
  -2.719364e-02
  -1.281365e-02
  -1.421279e-02
   5.862172e-03
  -3.861986e-03
   1.780183e-02
   2.805307e-02
   1.865810e-02
   2.754761e-02
   2.956766e-02
   5.201899e-03
   1.571319e-02
  -1.628559e-02
  -2.545953e-03
  -2.030055e-03
   2.262918e-02
   9.118355e-03
   2.335423e-02
   7.233118e-03
  -3.087102e-02
  -8.423384e-03
  -1.088002e-02
   3.934975e-03
  -1.008705e-03
  -1.443511e-02
  -1.407303e-03
  -1.078959e-02
   1.943788e-02
   2.395721e-02
   7.070644e-03
   1.542590e-02
  -2.802895e-02
  -1.268756e-02
  -4.109303e-03
   1.317330e-02
   5.546001e-03
  -1.798447e-02
   8.895563e-03
   2.101064e-02
   3.635266e-03
  -1.545098e-02
  -1.748333e-02
  -1.987486e-03
   5.297717e-02
  -2.255720e-03
  -3.377098e-03
  -2.235218e-02
  -2.317711e-03
   1.435855e-02
   3.004235e-02
  -2.648802e-02
  -1.743152e-02
   2.245515e-03
  -4.012239e-02
  -1.431511e-03
   4.839545e-03
   2.469436e-02
  -1.346631e-02
   1.721845e-02
  -1.596136e-02
   2.741803e-02
   3.288846e-04
  -5.558339e-03
  -7.541328e-03
  -4.635396e-03
  -1.154333e-02
  -2.702556e-02
   2.113300e-02
   1.439051e-02
   1.579552e-02
  -2.415740e-03
  -9.676707e-03
   1.027520e-02
  -4.362910e-03
  -3.954339e-03
  -3.875200e-02
  -4.152340e-03
  -2.052049e-02
  -1.670094e-02
  -7.230130e-03
   2.059121e-02
   1.422004e-02
  -9.967703e-03
  -1.461256e-02
   1.557580e-02
  -2.548124e-02
  -5.189712e-02
  -2.895966e-03
  -5.158527e-03
   1.573009e-02
   7.895899e-03
  -2.524646e-03
  -5.091295e-03
  -2.267455e-02
  -1.392217e-02
  -5.672083e-03
   6.322699e-03
  -1.040305e-02
   2.354205e-02
   2.268074e-02
   1.331613e-02
   4.231176e-02
   3.570405e-03
  -8.626834e-03
  -1.977420e-02
  -6.289174e-03
  -4.730718e-02
  -2.492660e-02
  -3.411286e-03
  -5.767148e-03
   3.675667e-03
   3.349509e-02
  -1.675252e-02
   1.621432e-02
   4.903984e-03
   5.224230e-02
  -1.714399e-02
  -2.437905e-02
  -2.673767e-02
  -8.321380e-03
   1.399039e-02
  -3.106599e-03
  -2.852113e-02
   3.058167e-03
   2.316595e-02
   3.297202e-03
  -4.279581e-03
  -1.282955e-02
  -1.685053e-02
  -3.019976e-03
  -2.165117e-02
  -5.579742e-03
   1.036662e-02
   2.336348e-02
   3.080419e-03
   2.239970e-03
   2.456980e-02
   1.384044e-02
   5.591969e-02
  -1.023595e-02
  -3.347237e-02
  -3.216185e-02
  -6.577194e-03
   6.931318e-03
   8.284303e-04
  -2.014595e-02
  -5.598826e-03
   5.634112e-03
   1.242883e-02
  -2.815332e-02
  -1.042923e-02
   5.803407e-03
   1.204839e-03
  -2.620332e-02
   5.607984e-03
   3.656879e-02
  -1.432619e-02
   1.611376e-02
   2.619829e-02
   1.842430e-02
  -1.500187e-02
   1.534565e-03
  -5.565010e-02
  -1.240234e-02
  -3.832054e-03
  -1.338475e-02
  -2.542193e-02
  -1.006351e-02
  -1.224037e-02
   8.000371e-04
   2.281096e-02
  -3.750682e-02
  -6.620287e-02
  -2.234391e-02
  -4.753906e-03
  -4.423565e-02
  -1.845102e-02
   1.174394e-03
  -1.554513e-03
  -2.974114e-02
   8.937851e-02
   1.348759e-02
   2.185876e-02
  -1.514012e-02
   6.500826e-03
   1.299819e-03
   1.185008e-02
   1.480611e-02
   3.458432e-03
  -8.644190e-03
  -8.542741e-03
  -7.686960e-03
  -1.688134e-02
  -9.021938e-03
   1.474345e-02
   1.570607e-02
   9.225717e-05
   3.829221e-02
  -2.937229e-02
   2.181999e-02
   8.718219e-03
   2.555746e-02
   7.203094e-02
   3.527450e-02
  -2.591958e-02
  -1.004257e-02
  -1.974471e-02
  -3.777151e-02
  -3.157126e-02
   1.009158e-02
   8.879237e-03
   1.920518e-02
   5.357751e-02
  -2.913360e-02
  -6.893636e-03
   1.517453e-02
   1.019960e-02
  -1.497840e-02
   2.864244e-02
   7.347139e-03
   2.959745e-05
   3.220702e-03
   2.376950e-02
  -1.623925e-02
   1.554110e-02
   6.607899e-03
   1.067567e-02
   1.367564e-02
   2.492926e-02
   9.175411e-03
  -2.282365e-02
  -1.516923e-02
  -9.929441e-03
   2.068064e-02
  -3.721076e-03
  -4.388977e-02
  -4.536763e-03
  -1.312400e-02
  -2.115086e-02
  -2.122170e-02
  -7.017721e-03
   2.417904e-03
   8.839780e-03
   3.860683e-02
   2.073217e-02
  -4.325128e-03
  -1.655921e-02
  -9.142136e-03
   3.410145e-02
   1.293702e-02
   1.388130e-02
   2.187663e-02
   1.744767e-03
  -2.272095e-03
   1.594184e-02
   8.975881e-03
   7.133711e-03
   1.330453e-02
   9.768824e-03
   3.391564e-03
   1.111112e-02
  -1.922867e-02
  -4.919846e-03
   1.909679e-02
  -1.787536e-02
   3.830368e-04
   2.430982e-03
  -2.072939e-02
  -1.520996e-02
  -2.479267e-02
  -3.058386e-02
  -1.894671e-02
  -1.160955e-02
   6.688853e-03
  -2.672961e-02
   4.562941e-02
   1.697940e-02
   7.660134e-03
  -1.214419e-02
  -3.743774e-02
  -1.050226e-02
   1.874372e-02
  -2.498357e-02
  -3.221817e-02
   6.911714e-03
   1.310570e-02
   1.007606e-02
  -1.562183e-02
  -9.286673e-03
   4.357919e-03
   1.170353e-02
   3.572827e-02
  -1.020734e-03
  -1.008713e-03
   3.276150e-03
   6.033417e-03
  -1.223543e-02
  -1.662046e-02
   6.174795e-03
  -8.445200e-03
  -1.078100e-02
  -6.135146e-04
  -1.058972e-02
  -2.227213e-02
   6.693442e-04
   9.378921e-04
  -4.826379e-03
   7.688134e-03
  -6.104113e-03
  -1.433197e-02
  -3.270373e-02
  -1.010419e-02
   2.161393e-02
   1.719987e-02
  -8.246144e-03
   3.180428e-03
   2.796864e-02
   1.229156e-02
   1.180647e-03
  -1.319875e-02
  -1.813287e-02
  -3.695821e-02
  -7.642155e-03
   1.817725e-02
   7.325787e-03
  -4.448420e-02
   1.421742e-02
   3.738378e-03
   7.703911e-03
   3.763862e-02
   2.190671e-02
   6.730753e-03
   6.768686e-03
   1.739966e-02
  -5.333841e-03
  -1.979876e-02
   3.562116e-02
  -7.648252e-03
   9.109980e-03
  -4.763836e-02
  -2.413965e-02
  -2.618018e-02
  -3.987759e-03
   2.323692e-02
  -4.580926e-03
   2.998215e-03
  -2.838130e-02
  -1.260044e-02
   1.159669e-02
   6.911254e-03
   1.653090e-02
   2.300384e-02
   2.330001e-02
   1.168378e-02
  -3.859566e-03
   2.697590e-02
   1.097490e-02
   5.305099e-02
  -2.644322e-02
  -1.156441e-02
   1.674080e-03
   2.150937e-02
   5.553857e-03
   1.156784e-02
   1.372533e-02
   5.976546e-03
  -1.319535e-02
  -4.236866e-02
  -3.621717e-02
   1.010237e-02
  -3.022722e-02
  -1.835780e-02
  -2.526964e-02
  -8.083630e-03
   1.969596e-02
   9.162569e-03
  -5.757800e-02
   1.448763e-02
  -1.183273e-02
   1.635701e-03
   2.410731e-02
   1.673730e-02
   1.420848e-02
   9.243904e-03
  -2.444997e-02
   2.965985e-03
   2.166414e-02
   1.287103e-02
   3.433813e-02
   2.140791e-02
  -1.408450e-02
   4.547397e-02
   4.433880e-03
   2.521540e-02
  -2.675450e-02
   2.026141e-02
  -5.160458e-02
  -2.729086e-02
  -2.259783e-02
  -5.323832e-03
  -4.941427e-03
  -2.941467e-03
   2.276687e-02
   6.266517e-02
  -1.402164e-02
   2.358586e-02
   2.745044e-02
  -3.602644e-02
  -3.507233e-02
  -6.680685e-03
  -2.160451e-02
   6.868659e-03
   3.093385e-02
  -1.967170e-02
   2.218578e-02
   1.922393e-02
   6.306721e-03
  -1.164659e-02
  -2.990983e-02
   2.355204e-03
  -2.018209e-02
   1.232704e-02
   1.509355e-03
   1.999827e-02
  -2.018085e-02
   8.277625e-03
  -6.650868e-03
   3.144753e-02
  -4.999332e-02
  -4.093756e-02
  -1.836187e-02
   3.588965e-03
   6.939589e-03
   2.931591e-02
  -2.808198e-02
   6.075247e-03
  -1.020340e-02
  -3.761594e-02
  -1.744924e-02
   8.999196e-03
  -2.550888e-02
   1.546647e-02
   6.557588e-03
   4.362895e-03
   1.341267e-02
   5.613317e-03
   3.421040e-03
   2.920396e-02
   2.414620e-02
  -2.594925e-02
  -1.734770e-02
   4.275782e-04
   1.874379e-02
   5.676491e-03
  -1.220339e-02
   1.122849e-02
   2.589058e-02
   1.605970e-02
   8.955274e-03
  -8.994811e-03
  -5.927672e-02
   3.965353e-02
  -1.350107e-02
   2.485818e-02
  -2.050915e-04
  -8.345634e-03
  -2.905034e-02
  -4.908490e-02
   1.381462e-02
   1.203129e-03
   1.956768e-02
  -1.718967e-02
  -1.600222e-02
  -3.042762e-03
  -2.504305e-02
  -9.387338e-03
   1.188968e-02
   3.164372e-02
  -1.753598e-02
   1.264308e-02
  -3.917811e-03
  -6.326395e-04
  -1.395932e-02
  -4.491123e-03
   6.030399e-03
   3.838526e-03
   8.827998e-03
  -2.127130e-04
  -2.069462e-02
   9.585304e-03
   1.193009e-02
   4.262178e-02
   9.217280e-03
  -1.159726e-02
   5.792823e-03
  -9.473982e-03
  -3.230450e-05
  -3.344302e-02
  -2.208356e-02
  -6.561460e-03
  -3.326956e-02
  -6.735460e-03
  -5.789320e-03
  -1.465533e-03
   1.556163e-02
  -1.086871e-02
  -2.943074e-02
  -1.260704e-02
   2.491600e-03
   8.227847e-03
   3.697541e-03
   7.532859e-03
   1.558186e-02
  -1.368690e-02
  -1.593073e-03
   9.407890e-03
   7.719145e-03
   1.661254e-03
   3.813949e-03
  -3.067286e-03
  -1.144007e-02
   4.304637e-03
   1.424664e-02
  -2.007709e-02
   9.894579e-03
  -3.746621e-03
  -2.828404e-02
   2.553771e-03
  -8.233560e-03
   3.421986e-03
  -1.927942e-02
   1.327325e-02
   1.895526e-02
  -6.758841e-03
  -3.452397e-02
  -1.289188e-02
  -1.361686e-02
   3.352750e-03
   1.280169e-02
  -1.769693e-03
   2.455906e-03
   3.616886e-03
   2.487682e-02
  -5.626356e-03
   5.833397e-03
   9.360735e-03
   2.286700e-02
   3.430787e-02
   1.566131e-02
  -6.573909e-03
   9.525942e-04
  -4.430310e-03
   1.306544e-03
   4.826671e-03
   1.177024e-03
  -1.823431e-02
  -1.548056e-02
  -8.662344e-03
  -1.511845e-02
  -1.190687e-02
  -1.825757e-02
  -7.151647e-03
   1.701871e-02
   7.614144e-04
   5.641910e-03
  -2.000658e-02
   4.178410e-04
  -1.249424e-02
  -1.703319e-03
  -8.538414e-03
   2.294174e-02
  -9.729328e-03
   1.115869e-02
  -2.109303e-02
   1.891897e-03
   1.977171e-02
   4.017351e-03
   1.259672e-02
   3.303086e-03
  -3.078190e-03
   2.719215e-02
  -2.354224e-02
   3.351711e-03
   3.353354e-02
   1.605040e-02
   4.858526e-03
   3.869093e-03
   1.030561e-02
  -1.024153e-02
  -2.554965e-02
  -1.162054e-02
   2.937892e-02
  -3.463228e-02
  -3.078971e-02
   2.933487e-02
  -1.705027e-02
  -4.660522e-03
   2.320719e-03
  -6.247002e-03
  -3.579960e-02
   3.555662e-02
   1.770495e-02
  -2.880047e-03
   4.452688e-02
  -1.842730e-02
  -9.318065e-03
  -5.241761e-03
  -2.526861e-03
   1.333294e-02
   5.500437e-03
  -6.102914e-03
   1.116415e-02
   1.740393e-02
  -6.664033e-03
   1.069892e-02
   1.683356e-02
   2.450300e-02
  -5.570554e-03
  -2.987171e-02
   7.293372e-03
  -1.443400e-04
   6.441786e-03
  -4.505206e-03
   6.238193e-03
   2.194755e-02
  -9.127967e-03
   1.010345e-02
  -9.100698e-03
  -1.923885e-02
  -1.850495e-02
  -4.436513e-03
   3.768750e-02
   2.120073e-02
  -1.685357e-03
   3.239532e-02
  -7.748197e-03
  -4.869789e-03
   1.156613e-02
  -8.299114e-03
  -2.033230e-02
  -5.115102e-03
   2.175001e-03
   6.280268e-04
   2.282752e-04
  -5.925207e-03
   2.050887e-02
   4.534283e-03
   1.048586e-02
   6.328356e-03
  -1.600379e-02
  -7.502699e-03
   1.849449e-03
  -4.070984e-03
  -2.126661e-02
  -6.617063e-02
   9.388966e-03
   2.055205e-02
  -4.004382e-03
  -1.401726e-02
  -1.021713e-02
  -1.062957e-03
  -2.837715e-02
  -1.390141e-02
   8.665729e-03
   1.324414e-02
  -5.103026e-03
   6.730905e-03
  -4.537504e-05
  -3.036855e-03
  -2.832877e-03
   1.171962e-02
   1.173776e-02
  -8.092274e-03
  -2.719853e-02
  -5.040497e-03
  -8.070391e-03
  -1.849640e-02
   2.695624e-02
   1.099983e-02
   1.184078e-02
   2.042494e-03
  -1.204166e-02
   3.259495e-02
  -9.856689e-03
   5.139969e-02
   1.482782e-02
   5.829099e-03
  -1.886895e-02
  -2.710913e-02
  -2.343723e-02
  -5.195098e-02
   2.704044e-03
  -9.063839e-03
   1.224862e-02
   1.323505e-04
  -1.122646e-03
  -4.010770e-02
  -5.177405e-03
  -7.099575e-03
   8.811668e-04
  -4.195400e-03
  -3.158041e-02
  -6.467735e-03
  -2.773056e-05
  -1.179322e-02
  -5.711650e-03
   1.144901e-02
  -8.972938e-03
  -3.237323e-04
   1.614232e-02
   6.680273e-04
  -1.146431e-02
   1.254098e-03
   1.632904e-02
   2.121308e-02
   1.471527e-02
   1.319521e-02
   2.334908e-02
   1.376706e-02
   1.212299e-02
  -1.165906e-04
   1.699332e-04
   1.625634e-02
  -2.403103e-03
   1.693940e-03
   1.051810e-02
   1.269418e-02
   1.530761e-02
   8.216307e-03
  -1.948551e-02
  -3.353442e-02
  -7.127946e-03
  -1.597238e-02
  -1.063761e-02
  -1.836932e-02
  -1.861967e-02
  -3.721162e-02
   4.696137e-03
  -9.222100e-03
  -9.918695e-03
   1.003209e-02
   4.020915e-03
  -1.411167e-02
   2.871565e-02
  -1.890824e-03
  -2.065801e-02
  -7.254863e-03
  -2.169155e-02
  -1.754098e-02
  -2.410727e-02
   6.233757e-04
   1.505584e-03
   1.434985e-02
  -1.030364e-02
  -4.822860e-03
  -7.903058e-03
  -6.328223e-03
   8.139793e-03
  -1.087858e-03
  -2.138488e-02
  -1.996642e-02
   1.048165e-02
   1.047183e-02
   2.011385e-02
   2.659272e-02
   2.337168e-02
  -1.622189e-02
  -3.817655e-03
   1.098436e-02
  -1.030385e-02
   1.442123e-02
   1.701804e-02
   1.112845e-02
   4.349073e-03
  -2.102149e-03
   1.297025e-02
  -3.925649e-02
  -1.995571e-02
  -7.882972e-03
  -2.602311e-02
  -3.756032e-02
   1.553450e-02
   1.132813e-02
   2.067167e-02
  -1.065525e-02
   5.179730e-05
   2.958726e-02
   1.206210e-03
  -2.724357e-02
  -2.516882e-03
   1.155313e-02
  -6.446987e-03
  -4.359699e-03
  -1.153957e-02
  -1.248188e-02
   6.441094e-04
  -7.537696e-03
   1.544299e-02
   5.686873e-04
  -3.817655e-03
   3.583354e-03
  -3.360250e-03
   3.493450e-03
  -5.806278e-04
   6.335240e-03
   1.066383e-02
   1.065758e-02
   2.091944e-02
  -9.168528e-03
  -2.708528e-03
  -1.267457e-02
  -3.695758e-02
   1.431722e-02
  -1.300349e-02
   5.935996e-02
   1.975909e-02
   8.326930e-03
  -8.421173e-03
   1.308612e-02
   1.038421e-02
   3.556216e-03
   4.180013e-03
   1.231355e-02
  -2.004617e-02
   2.171806e-02
  -2.900695e-02
   2.834971e-03
   2.482167e-03
   1.790583e-02
   3.049498e-02
   2.484964e-03
  -3.817655e-03
  -1.171506e-04
  -1.738701e-03
   2.233249e-03
   4.049931e-05
   7.957291e-03
   2.131344e-02
   3.357411e-02
   3.913048e-02
   1.447286e-02
   3.096470e-02
   7.855042e-04
  -4.003944e-02
  -5.802238e-03
  -2.221795e-03
   7.133810e-03
  -9.322213e-03
  -3.902052e-03
  -9.670666e-03
   2.079420e-02
   2.658333e-02
   2.752801e-02
   3.367171e-03
   4.704989e-04
  -2.893340e-03
   2.974958e-03
  -1.789821e-02
   1.540729e-02
  -2.707529e-02
  -1.071872e-02
   3.811162e-03
  -8.342772e-03
  -3.817655e-03
  -1.967403e-03
   1.143881e-03
   7.137748e-03
   5.550974e-03
   9.474674e-03
  -1.056910e-02
   2.703147e-02
  -3.360794e-02
  -3.035196e-03
  -5.988689e-03
  -8.583050e-03
  -1.213803e-02
  -5.051843e-03
   2.784738e-03
  -1.344538e-02
  -2.817187e-02
   1.997388e-02
   5.139534e-02
   2.599650e-02
   5.799955e-03
  -1.114920e-02
  -3.891013e-03
   2.491712e-03
   1.089565e-02
   1.097332e-02
   2.716536e-02
  -1.491007e-02
   3.434456e-03
   1.732593e-02
   1.056855e-02
   1.112887e-03
  -5.563322e-03
  -1.378153e-02
   9.151807e-03
   3.200340e-02
   3.358565e-03
  -2.172759e-02
   3.804419e-03
  -9.524772e-04
  -7.453710e-03
   2.438622e-02
   2.599781e-02
   2.033508e-02
   3.126695e-02
   5.680988e-04
   1.504869e-03
   8.256664e-03
  -1.009531e-02
   1.525393e-02
   7.853415e-03
   1.302485e-02
   1.116788e-03
  -1.409213e-02
   5.100489e-03
   2.508778e-02
   5.091814e-03
   9.828832e-04
   1.059599e-02
  -2.348682e-05
   1.677814e-02
   3.369699e-02
   2.688621e-03
   2.688621e-03
   2.654889e-03
   2.435878e-02
   1.232128e-02
   1.886541e-02
   2.164340e-02
   2.172100e-02
   8.619959e-03
   4.081832e-03
  -2.176622e-02
   1.949606e-02
   2.282738e-02
   1.067936e-02
   2.214920e-02
  -9.272523e-03
   5.102455e-03
   8.228812e-03
   2.569659e-02
  -7.097274e-03
  -4.718532e-03
   6.060102e-03
   9.873988e-03
   3.068484e-02
   4.305821e-03
   3.613986e-03
  -1.079522e-02
  -5.073219e-03
  -1.099490e-02
   1.792446e-02
   1.666092e-02
   6.083490e-03
   1.260564e-02
   5.995285e-03
  -5.431526e-03
   8.147655e-03
  -3.090872e-03
   9.173827e-03
   1.788385e-02
   1.482581e-02
   4.872581e-03
   8.131610e-03
   1.051151e-02
   1.141651e-02
   4.241969e-03
   7.548247e-03
   1.745139e-02
   1.020339e-02
   1.994866e-02
   1.096294e-02
   4.398296e-03
  -1.168176e-02
   5.772321e-03
   1.071775e-02
  -3.076358e-03
   4.253992e-02
   2.889533e-02
   1.689954e-02
  -9.621307e-04
   5.143628e-04
   4.913110e-03
  -6.056494e-03
  -5.552278e-03
   2.624546e-02
  -2.945800e-04
   2.691592e-03
   8.172994e-03
  -1.414481e-02
  -1.066210e-02
  -1.475063e-02
   3.235798e-03
   5.113354e-03
   5.121846e-03
   1.306051e-02
   2.842038e-04
   2.585454e-03
  -9.208595e-03
   4.356705e-03
   1.881375e-02
   1.739223e-02
   3.609576e-02
   1.932019e-03
   1.386475e-02
  -1.095743e-02
   1.844068e-02
   3.411495e-02
   1.078421e-02
  -8.573454e-04
   1.321646e-02
   3.343963e-04
  -1.046721e-02
   2.023452e-02
   1.035462e-02
  -1.684079e-03
   1.094343e-02
   1.004668e-02
   5.440366e-03
   1.309292e-02
  -9.465148e-04
   7.337693e-03
  -3.996619e-03
  -8.665448e-03
  -2.357351e-03
  -2.721548e-03
  -2.559067e-03
  -9.960681e-03
   3.625883e-02
   7.849695e-03
   5.283427e-03
   4.207926e-03
   6.713842e-03
   4.455997e-03
   2.709755e-02
   4.315007e-02
   3.396115e-02
   1.288835e-02
   1.566133e-02
  -8.955190e-03
   4.310657e-02
   2.658728e-02
   2.449346e-02
  -1.284862e-02
   8.530374e-03
   1.551161e-03
   1.795494e-02
  -2.314405e-03
   2.344097e-03
  -2.442537e-03
   1.449285e-02
   1.706294e-02
  -9.576881e-03
   7.822107e-03
   3.699044e-03
   7.271643e-03
  -1.521281e-03
  -1.200037e-02
   5.552626e-02
  -1.262594e-02
   6.339440e-03
   8.984040e-03
  -1.366486e-02
   2.983647e-03
  -6.223067e-04
   5.299448e-03
   2.468838e-02
   1.439418e-02
   1.769935e-02
   1.245949e-02
   4.238359e-03
  -1.435145e-02
   2.257419e-02
   3.960645e-02
  -4.815174e-03
  -5.538341e-03
   9.711120e-03
   3.118693e-03
   3.475586e-03
   9.688187e-03
  -7.889517e-03
   1.156321e-02
  -8.468253e-03
   8.152497e-03
   2.707785e-02
   6.872477e-03
   4.404987e-03
   1.138670e-02
   1.000955e-03
   1.990000e-02
   2.279097e-02
   5.939409e-03
  -7.259165e-03
  -9.524190e-03
  -1.483553e-03
   4.364613e-03
   1.029933e-02
   1.133928e-02
  -2.992982e-02
  -3.597636e-03
   4.742730e-03
   1.501191e-02
   6.429540e-03
   1.514980e-02
   2.193520e-02
   5.662625e-03
  -4.119871e-03
  -1.320706e-02
   3.273375e-02
   2.411027e-03
   2.484010e-02
   8.678915e-03
   2.555425e-03
   1.698866e-02
  -1.349333e-02
  -5.093033e-03
   1.149593e-02
  -1.428253e-02
  -4.338277e-03
   5.926068e-03
   6.996199e-03
   1.368330e-02
   9.798239e-03
   2.090627e-02
   1.034257e-02
   1.738061e-02
   1.289023e-02
   2.618893e-02
   7.903250e-04
  -4.454624e-02
  -3.655789e-03
   1.625722e-03
   1.213059e-02
  -3.658630e-02
  -8.681903e-03
   3.581006e-02
   8.064505e-03
   2.270581e-02
   3.315772e-03
  -1.203436e-02
   1.239436e-02
   2.378284e-02
   1.551075e-02
   4.706085e-03
  -7.556359e-03
   1.332972e-02
   5.046705e-03
   4.791154e-03
  -1.821075e-02
  -4.969106e-03
   5.534161e-03
   8.878303e-03
   2.004280e-02
   9.165372e-03
  -6.229983e-03
  -5.338389e-03
  -1.391040e-03
  -1.003314e-02
   9.214962e-03
  -1.887164e-02
   1.121928e-02
   2.769564e-02
  -1.368484e-02
   2.542507e-03
   1.461959e-03
   3.324353e-02
  -6.056112e-03
   1.161841e-02
   1.451928e-02
   6.388712e-03
   6.711514e-03
  -2.681259e-02
   1.421893e-02
  -9.801773e-03
   1.733772e-02
   3.374330e-02
   1.308454e-02
   1.980103e-03
  -1.011284e-03
   1.346766e-02
  -4.509198e-03
  -1.811979e-02
   1.979998e-02
   2.895269e-02
  -2.520221e-03
   9.341310e-03
   7.949483e-03
  -1.041998e-02
  -5.352048e-04
   1.267425e-02
   1.094460e-02
   3.270296e-03
  -2.473547e-02
  -1.806171e-02
   1.774608e-02
   2.076718e-02
   1.425325e-03
   8.760481e-03
  -1.424830e-04
   5.101286e-03
   2.387492e-02
  -1.838176e-02
  -4.822818e-03
   6.837068e-03
  -1.166041e-02
   1.744229e-02
  -5.744373e-03
   1.318981e-02
   1.037473e-02
   4.547381e-03
   1.245081e-02
   8.188899e-03
  -6.213540e-04
  -3.571184e-03
   6.976606e-03
  -4.619661e-04
  -8.485514e-04
   2.277061e-02
   5.038205e-03
  -1.399370e-02
   5.727521e-03
   2.243523e-02
   1.804180e-02
   4.574370e-02
  -1.238384e-02
  -7.421727e-03
   1.826198e-02
   7.476945e-03
  -6.200440e-03
   5.155517e-04
  -1.674532e-03
   3.094285e-03
   2.157798e-02
   9.368432e-03
  -1.445810e-02
  -6.946826e-03
  -1.318307e-03
   6.613872e-03
  -1.784887e-02
   1.157049e-02
   1.067720e-02
   2.755792e-03
   5.895515e-03
   1.002653e-02
   6.647298e-03
  -2.760149e-04
   5.092105e-03
   2.315069e-03
   1.528185e-03
   6.996872e-03
  -1.239887e-02
   4.319525e-02
   1.121594e-02
   3.365374e-04
  -6.956339e-03
  -1.911739e-02
   1.077557e-02
  -2.890776e-02
   4.129905e-03
   9.745458e-03
  -3.019576e-03
   5.307773e-04
   1.354383e-03
   3.625456e-02
   2.754212e-02
   6.612998e-03
   2.066172e-03
  -8.751542e-04
  -2.623747e-02
   2.818037e-02
   1.393369e-03
  -4.114990e-03
  -5.230870e-03
   1.405255e-02
  -1.651072e-03
   7.436457e-03
  -1.913441e-02
  -9.563359e-03
   8.575723e-03
   2.197438e-03
  -2.350652e-03
  -8.235503e-03
   2.088013e-02
   1.936436e-02
   6.732231e-03
  -3.591138e-03
  -1.072423e-02
  -2.189139e-03
   4.293214e-03
   1.098284e-03
   2.303550e-02
   1.762952e-02
  -1.615410e-02
   1.407870e-02
  -2.351764e-02
  -1.587828e-02
  -1.763005e-02
  -4.283791e-03
   1.698494e-02
   1.528356e-02
  -9.229474e-03
   2.049019e-02
  -6.430419e-04
   8.166191e-03
  -8.380872e-03
   3.253105e-03
  -6.579817e-03
   1.231295e-02
  -5.359022e-03
  -2.741873e-02
  -5.340212e-03
   2.496132e-04
  -5.973551e-03
  -2.870427e-02
   6.673319e-03
   6.649836e-03
   5.423438e-03
   3.063278e-02
   1.242969e-02
   2.159352e-03
   4.141583e-03
   5.972183e-03
  -3.074477e-02
  -6.848288e-03
  -1.091783e-02
  -1.706736e-03
   1.419155e-02
  -1.709433e-02
  -2.011509e-02
  -2.310305e-02
  -4.295262e-03
  -8.925037e-03
   9.383912e-03
  -1.435629e-02
  -1.349897e-02
   2.105882e-03
   9.009449e-03
   7.972265e-03
   8.338349e-03
   3.608220e-02
   3.266263e-02
  -9.782853e-03
   2.771366e-02
  -9.569981e-03
  -1.929628e-02
   1.351951e-03
  -2.750735e-02
  -1.955516e-02
   1.938836e-02
   2.033768e-02
   6.573060e-03
   4.366206e-03
   4.253895e-03
  -3.334925e-03
  -2.880608e-02
  -1.507853e-02
  -1.040109e-02
  -2.417937e-02
  -2.162068e-02
  -6.374134e-03
   1.099791e-02
  -3.517054e-02
  -2.137904e-03
   5.023669e-03
  -4.878472e-03
   2.773764e-02
  -2.772840e-02
   4.746853e-03
   6.878151e-03
  -3.485685e-03
  -4.121253e-03
  -1.394463e-02
  -9.731685e-03
  -4.038528e-03
  -1.381810e-02
  -8.263665e-03
   4.119798e-02
  -3.315352e-02
   3.851856e-02
   3.256889e-02
  -7.668234e-03
   2.475653e-02
  -2.017299e-05
  -1.399216e-03
   6.090613e-04
   5.240305e-03
   3.926092e-03
   3.534405e-02
  -1.256085e-03
  -7.436397e-03
  -2.188613e-02
   3.189728e-03
  -6.201872e-03
  -3.076841e-02
   4.537414e-02
   3.603609e-02
   1.125581e-02
  -6.768397e-03
   2.108260e-03
   1.704469e-03
  -7.522586e-03
  -2.467190e-02
  -2.608653e-03
  -7.443848e-03
   3.358115e-02
   8.177840e-03
  -7.264701e-04
   3.460845e-03
   1.315906e-02
  -1.902853e-02
   8.861289e-03
   2.795518e-03
  -3.031069e-02
   6.528357e-03
  -3.139011e-02
  -8.543681e-03
  -5.658738e-03
   3.205336e-03
  -1.732216e-02
  -2.062207e-02
  -2.148392e-02
  -5.063971e-03
  -1.989602e-03
  -3.006476e-02
  -3.870540e-03
   2.378445e-03
   4.531778e-02
  -1.653436e-03
   2.357617e-02
  -1.201637e-02
   3.791405e-03
  -1.741704e-03
  -1.400106e-02
   1.042164e-02
   6.684258e-03
   2.483305e-02
   2.003278e-02
   8.997145e-04
   5.116950e-03
   3.660093e-02
   5.939617e-03
   4.087233e-02
   1.315960e-02
   7.915370e-03
   1.295125e-02
  -3.638516e-03
  -8.762435e-03
  -1.754468e-02
   1.738107e-03
  -3.510791e-02
  -5.579798e-02
  -2.054401e-02
  -7.304042e-03
  -7.019981e-03
  -1.096534e-02
  -4.066189e-02
  -3.629450e-03
   3.834731e-03
  -3.881543e-02
  -5.400803e-03
  -2.817392e-02
   4.094230e-02
   2.681543e-02
   4.379882e-02
  -1.060755e-03
  -2.600957e-02
   9.874920e-03
   1.958303e-02
   6.484403e-03
  -2.551147e-02
  -1.630638e-02
  -4.161873e-04
  -1.211983e-02
  -4.357465e-03
   6.614526e-03
   2.755107e-03
  -6.209882e-03
  -3.433600e-02
  -6.014836e-02
  -1.596796e-02
  -1.546671e-02
  -2.228067e-02
  -3.260087e-02
   1.548036e-03
  -4.916278e-02
  -4.746574e-03
  -1.334060e-02
  -1.356939e-02
  -2.750217e-02
   3.151404e-04
   1.394526e-02
   4.915154e-03
  -2.694360e-02
  -8.973840e-03
   5.681475e-04
  -1.501457e-03
  -8.031211e-03
  -4.906592e-03
   1.932100e-02
   2.404113e-02
   2.639051e-03
  -1.206302e-03
   3.933796e-03
  -9.839474e-03
   3.189139e-03
   4.577510e-03
   1.490086e-02
   8.515897e-03
   5.913444e-03
   1.543432e-02
  -5.821762e-03
   3.096883e-02
  -2.331127e-02
   4.352532e-02
   1.596064e-02
  -4.848197e-03
  -1.759902e-02
  -1.566805e-02
  -2.408109e-02
  -7.272430e-03
   2.064529e-02
  -1.696294e-02
  -2.432511e-02
  -6.589468e-03
  -2.618843e-02
  -6.110032e-03
  -2.343864e-02
  -2.592420e-02
  -1.514792e-02
  -4.508311e-03
  -9.759174e-03
  -6.232601e-04
   2.803057e-03
   3.632149e-02
   1.825506e-03
  -5.193701e-03
   7.404557e-03
   5.991034e-03
   1.245458e-02
   8.629640e-03
   7.575356e-03
   7.551311e-03
   9.465673e-03
   1.566128e-02
   1.306639e-02
  -1.355275e-02
   6.012893e-04
   1.965460e-02
   5.000266e-03
   2.577921e-02
  -1.461318e-02
  -1.208453e-02
   2.489996e-02
  -7.234792e-03
   1.159297e-02
   1.924051e-02
   2.535840e-03
   1.466096e-02
   4.003927e-02
  -2.778388e-03
  -7.760881e-03
   1.178045e-02
   9.105561e-03
   1.789692e-02
  -3.055137e-02
  -7.823474e-03
  -1.761715e-02
  -7.567133e-03
   2.421823e-02
   1.095252e-02
   1.647184e-02
   4.918445e-03
   8.207029e-03
  -5.006783e-02
   2.047186e-02
   1.563424e-02
   2.790296e-02
   2.247650e-02
   5.619558e-02
   6.240220e-04
  -1.876696e-02
  -1.408164e-02
   4.873379e-03
   3.741444e-02
  -8.776837e-03
   1.656708e-02
  -3.840113e-02
  -2.002952e-03
   2.243579e-03
  -6.278082e-03
  -7.635995e-03
   2.030727e-02
  -2.489766e-02
  -3.457791e-03
   1.650406e-02
   1.720049e-02
   1.855573e-03
  -1.944687e-02
  -3.114948e-02
  -6.919826e-03
  -3.013100e-04
  -2.871036e-03
   3.588228e-03
  -2.652151e-02
  -4.094432e-02
  -2.675068e-02
   6.686524e-03
  -1.499134e-03
  -9.098715e-03
   3.278669e-03
  -3.541774e-03
  -5.458714e-02
  -1.632192e-02
  -4.925717e-02
   1.077390e-02
   3.862667e-02
  -3.279001e-02
   4.100975e-03
   6.534380e-03
  -7.327086e-03
   1.471951e-02
   3.696963e-02
   9.006795e-04
   1.169198e-02
  -1.214100e-02
  -1.844224e-02
  -1.122537e-02
  -2.771236e-03
  -1.388168e-02
  -2.935333e-02
  -1.724582e-02
   8.908973e-03
   2.893062e-02
   2.663687e-02
  -2.680649e-02
  -1.142248e-02
   3.030856e-03
  -2.267710e-02
  -1.970317e-02
   1.711471e-03
   5.904798e-03
  -1.883069e-02
  -1.111661e-02
  -4.492257e-02
  -9.114564e-03
   4.880676e-03
   1.390506e-02
   2.626586e-02
  -8.589339e-03
  -2.462964e-03
  -1.914437e-02
   7.328403e-03
  -1.185753e-02
  -5.237225e-03
  -3.194216e-02
   4.647194e-03
  -3.723771e-02
  -2.913929e-02
  -3.173793e-02
  -1.428882e-02
   1.423982e-02
   5.194969e-03
  -1.738943e-02
   7.172497e-03
   2.852385e-03
   1.840306e-02
  -1.497669e-02
   2.700062e-02
  -1.795669e-02
  -1.148969e-02
   6.164710e-03
  -7.710852e-03
  -2.222204e-02
  -7.338961e-02
  -3.697244e-02
  -2.641109e-02
   4.514948e-03
  -2.139655e-02
   4.336482e-03
  -7.734868e-03
  -2.537025e-02
  -2.523002e-02
  -6.179870e-03
   2.651049e-02
   1.736028e-02
  -1.411883e-02
  -1.245243e-02
   2.071004e-03
  -1.210769e-02
  -1.788825e-02
  -8.167510e-03
  -4.160031e-03
  -2.358878e-03
  -3.097886e-03
   1.340122e-03
   5.488153e-03
   2.976404e-03
   1.005216e-02
   3.614742e-02
   1.981546e-02
   2.343029e-02
   1.343608e-02
   2.836765e-02
  -1.664943e-02
  -2.157672e-03
  -2.700834e-02
  -1.841400e-02
  -2.666257e-02
   1.826822e-02
  -1.993509e-02
   2.050094e-02
  -3.617157e-02
  -2.579739e-02
  -5.558282e-03
  -1.149274e-03
  -1.846837e-02
   5.067185e-02
  -3.748261e-02
   2.172370e-02
   1.401824e-02
  -1.156353e-03
  -1.241777e-02
   2.111617e-02
  -4.900559e-03
  -9.463318e-03
  -1.656776e-02
   2.521602e-03
   7.951841e-03
  -6.487082e-03
   4.347540e-03
   5.209674e-03
  -7.316505e-03
  -1.962896e-03
  -6.664607e-03
  -2.107730e-02
  -1.469405e-02
  -6.355401e-03
  -3.333765e-02
   1.698734e-02
  -1.657206e-02
  -4.004097e-02
  -2.273268e-02
  -3.414122e-02
   3.237439e-02
  -7.113584e-02
  -9.036250e-05
  -1.459883e-02
   2.977938e-02
  -1.020192e-02
   2.641730e-02
   1.118152e-02
   9.210515e-03
   5.177107e-03
   5.473432e-03
   1.225250e-02
   8.355150e-03
   3.031529e-03
   1.552638e-02
   1.736220e-02
   7.777773e-03
  -1.971097e-03
   8.615410e-03
   1.068690e-02
   1.823562e-02
  -2.411244e-02
  -1.705431e-02
  -7.356625e-03
  -6.204996e-03
  -5.371252e-03
  -2.168282e-02
  -2.801354e-02
  -2.465779e-02
  -1.184283e-02
   3.186574e-03
   6.656036e-03
  -1.489715e-02
  -1.541763e-02
  -9.499647e-03
  -2.858964e-02
  -2.264008e-02
   5.522929e-04
  -2.151465e-02
  -6.175249e-03
   2.247328e-02
   7.180835e-03
  -1.626706e-02
   1.406526e-02
   9.695939e-03
   4.483264e-03
   5.934999e-03
  -2.317086e-03
  -1.911051e-02
  -5.437726e-03
  -1.029610e-03
   1.559621e-02
   3.713133e-02
  -1.224525e-02
  -6.365246e-03
  -4.721095e-02
   2.601938e-03
  -1.906162e-03
  -2.000883e-02
  -1.551912e-02
  -4.220274e-02
   2.801191e-02
  -1.072857e-02
  -1.805666e-04
   5.929022e-03
   7.181689e-03
   6.099039e-03
  -1.687673e-02
  -2.813959e-02
  -1.214389e-02
   7.848057e-03
  -2.359281e-02
  -4.700315e-02
  -1.831312e-02
  -1.249538e-02
  -6.964114e-04
   1.926967e-03
   4.483264e-03
   5.209132e-03
   1.446023e-03
  -2.479012e-02
  -5.670586e-02
  -6.266514e-03
  -3.015380e-04
   1.795497e-02
   1.154349e-03
  -2.605449e-03
  -1.365584e-02
   8.933787e-03
   1.515350e-02
  -2.029380e-02
  -6.596811e-03
  -1.874626e-02
  -1.035662e-02
  -4.020373e-02
  -2.578754e-03
   1.427718e-02
   3.211633e-02
   1.106224e-02
  -9.531164e-03
  -8.455700e-03
   1.552599e-02
   7.068956e-03
  -1.442592e-03
  -4.135539e-03
  -2.093479e-02
   1.731632e-02
  -3.659120e-03
  -3.218628e-03
   4.483264e-03
   4.846198e-03
   3.146110e-03
  -1.100322e-02
  -4.447586e-03
  -2.569023e-02
  -2.849081e-02
  -6.247656e-03
  -2.246666e-03
  -7.753374e-03
  -1.374077e-02
  -1.901549e-02
  -1.766849e-02
   1.320721e-02
  -4.174299e-03
  -1.617235e-02
  -1.048841e-02
   1.224891e-02
  -2.757993e-02
   2.164212e-02
  -1.859059e-02
  -5.028635e-03
  -2.385447e-02
   4.561077e-03
   1.612097e-03
   5.697382e-03
   1.083406e-02
   4.425376e-03
  -3.007623e-02
  -3.794600e-02
  -7.635498e-03
   1.869863e-02
   4.483264e-03
   4.664731e-03
  -3.370144e-03
  -1.792127e-02
  -4.942607e-03
   7.541039e-03
  -2.368395e-02
   7.101995e-03
  -1.861342e-02
  -1.242061e-02
   2.119346e-02
  -2.909419e-03
  -2.651026e-02
  -6.812768e-03
  -7.135254e-03
  -1.409821e-02
  -4.033738e-02
   2.836861e-02
   4.578735e-02
   2.319376e-02
   2.151808e-03
   1.679658e-02
  -3.528945e-03
  -4.739547e-03
  -1.525077e-02
   3.274417e-03
   2.012464e-02
  -1.993991e-02
   1.382265e-02
   1.502067e-02
   3.692586e-03
   1.119561e-02
   1.602547e-02
   5.038086e-03
   1.563095e-02
  -3.138167e-03
   1.694696e-02
  -8.181486e-03
  -7.147436e-03
   6.820185e-03
   3.897917e-03
   1.715082e-03
   1.220211e-02
  -5.292902e-03
   6.419010e-03
   2.431712e-02
  -4.313579e-03
   2.045366e-02
  -4.943208e-03
   4.381637e-03
   2.259543e-03
   1.053351e-02
   7.135389e-03
   8.347606e-03
  -1.623284e-03
   3.535152e-03
  -5.238419e-03
  -2.711752e-02
   1.150888e-04
   3.657503e-03
   4.458500e-03
   1.431785e-03
  -5.272794e-03
  -5.272794e-03
   2.701285e-02
   4.340384e-03
   2.372159e-04
  -1.289662e-02
  -4.968824e-03
   8.307400e-03
   7.668577e-03
   2.219626e-02
   3.801601e-02
  -7.825560e-03
   1.568616e-02
   1.049405e-02
   3.724806e-02
   1.319947e-05
  -1.071814e-02
  -1.484439e-02
   1.342416e-02
   1.373486e-02
  -8.136514e-03
  -5.153977e-03
  -1.785892e-02
   9.539842e-03
  -1.675261e-02
   5.920838e-04
   7.867114e-03
  -6.688962e-04
   2.296017e-02
   1.950444e-02
   8.286212e-03
   1.151674e-03
  -2.191004e-03
   8.874374e-04
  -5.925649e-03
   3.071462e-03
  -6.125847e-03
   1.309624e-02
  -4.209780e-03
   3.805235e-03
   7.318084e-03
   1.624400e-03
  -4.704392e-02
  -1.127083e-02
   2.105700e-02
   8.643208e-03
   2.158459e-02
   8.778288e-03
  -2.372778e-02
  -6.182029e-03
  -1.719821e-02
   1.805614e-02
  -1.654884e-02
  -9.814180e-03
   1.218455e-02
  -1.868985e-02
  -6.618100e-03
   2.098059e-02
   1.115272e-02
  -6.385348e-03
  -1.139116e-02
   3.540645e-03
  -7.844849e-03
   2.569981e-02
   8.006715e-03
   1.012611e-02
   2.784920e-03
  -1.316400e-02
  -9.155166e-03
  -8.175653e-03
  -9.381153e-03
   5.463875e-03
   7.813310e-03
   2.402717e-02
  -1.249653e-02
  -6.011755e-03
  -5.249320e-03
   3.186873e-02
  -1.008213e-03
   6.950061e-03
   3.820120e-03
  -2.170263e-02
  -9.675358e-03
   1.851450e-02
  -2.450170e-02
  -2.973846e-02
  -9.767721e-03
  -1.614852e-03
  -8.055540e-03
   2.660020e-03
   2.214851e-02
   9.430189e-04
   2.041942e-03
   4.722793e-03
   8.341505e-03
   7.420239e-03
  -3.674103e-03
  -3.532811e-02
  -1.164861e-02
   2.362726e-03
  -9.656391e-03
  -2.217673e-02
   2.060375e-04
   2.196754e-02
  -5.555894e-03
   1.651073e-02
  -9.647387e-03
   4.969658e-03
   2.955180e-02
   1.808661e-02
   1.222246e-02
   1.621005e-02
   8.050893e-03
  -1.108456e-02
  -4.053035e-04
  -7.139491e-03
  -3.952767e-02
  -4.553862e-02
  -1.602577e-02
  -1.188616e-02
  -2.664923e-02
  -4.314996e-03
  -2.545222e-03
  -9.200714e-03
   1.389311e-02
  -4.353626e-02
   2.943929e-02
  -6.862531e-04
   1.210413e-03
   2.613270e-02
   8.140457e-04
  -6.975792e-03
  -1.318881e-02
  -2.293425e-02
  -1.576616e-02
  -8.721963e-03
  -2.518608e-04
  -2.010960e-02
  -9.866071e-03
  -2.639329e-03
  -1.978475e-02
  -7.160715e-03
   1.560140e-02
  -1.930052e-02
   2.325796e-02
  -2.891007e-02
  -6.336644e-03
   5.827170e-03
   2.361424e-02
  -4.732641e-02
  -1.915848e-02
  -3.254777e-03
  -2.569358e-02
  -2.063056e-03
   6.361229e-03
   2.090689e-02
  -2.954051e-02
  -2.773016e-02
   1.604866e-02
   3.161169e-02
  -3.221826e-02
   2.008417e-02
   1.801148e-02
   1.710729e-03
  -8.585997e-03
  -4.696282e-03
  -3.161448e-02
   3.357585e-02
   1.856636e-02
   8.206286e-03
  -7.067971e-03
   1.006315e-02
  -2.285389e-03
   4.668703e-03
  -2.629124e-02
   1.525628e-02
   1.293136e-02
  -1.891090e-03
   1.030544e-02
   1.317058e-02
   5.612501e-03
  -3.155891e-02
  -1.002697e-02
   2.582194e-02
   1.244082e-03
   3.603889e-03
   9.146303e-03
  -5.121897e-02
  -4.664229e-03
  -1.287367e-02
  -3.734148e-03
  -2.744925e-03
   2.271218e-02
  -4.805651e-03
   8.534032e-03
  -5.903499e-03
  -1.816963e-02
  -1.693408e-02
   6.138212e-03
   2.564274e-02
   3.273517e-02
   9.977792e-03
   2.813614e-03
   5.531020e-03
  -4.088657e-03
  -1.903111e-02
  -2.473041e-02
  -2.007552e-02
  -4.185649e-03
   1.782733e-03
   1.142494e-02
  -3.021614e-02
   1.722410e-02
  -6.051712e-02
  -5.272873e-03
   1.916323e-02
   3.484340e-05
   8.785673e-03
  -1.017363e-02
  -1.565891e-02
  -1.005421e-02
  -3.786529e-02
  -1.536666e-02
   7.100354e-03
  -1.257909e-02
   1.691759e-02
   5.684802e-03
   1.072975e-02
   2.515025e-02
   9.262139e-03
   1.511919e-02
   2.030857e-02
   2.016378e-02
  -7.168938e-03
  -6.490874e-03
  -2.268920e-02
   6.790923e-03
   6.479483e-03
  -3.352376e-02
   3.119280e-02
   3.407343e-03
  -1.066359e-02
  -1.463186e-02
  -3.954657e-02
  -5.824703e-02
  -6.269220e-02
  -5.088460e-02
  -1.435773e-02
  -2.905361e-02
  -4.479963e-03
  -2.885457e-02
   8.102866e-03
  -1.304820e-02
   1.006075e-02
  -4.705890e-02
  -2.133553e-02
  -4.069335e-02
   1.002526e-02
   3.077129e-02
  -5.021890e-02
   8.993864e-03
   7.581365e-03
   2.590809e-02
   1.079617e-02
   1.319393e-02
  -8.403654e-03
   1.081031e-03
   3.140186e-02
   1.909639e-02
   1.201432e-02
   1.237142e-02
   3.949576e-03
   1.847587e-03
  -3.321258e-02
   6.227008e-03
  -1.761678e-02
  -5.625650e-03
  -6.931245e-02
  -8.468874e-02
   3.344078e-03
  -1.619958e-02
  -4.473604e-02
  -2.281872e-02
  -1.395130e-02
  -1.724457e-02
  -7.951021e-04
  -1.812659e-02
  -1.335502e-02
   4.182182e-02
   1.015790e-02
   3.387927e-03
   3.533471e-02
   4.549468e-02
   3.600876e-03
  -2.585686e-02
  -1.622591e-02
  -4.455773e-02
  -2.443532e-02
   7.124964e-03
   3.420182e-03
   8.195921e-03
   1.010997e-02
  -4.003043e-02
  -6.455843e-02
  -1.378882e-02
  -8.391418e-03
  -3.555145e-02
  -3.152189e-02
   6.518760e-03
  -4.155102e-02
  -4.227377e-02
  -5.020847e-02
   5.647252e-03
  -4.875037e-02
  -1.731277e-02
  -1.926514e-02
  -2.970326e-02
   4.798511e-03
  -1.129734e-02
   2.103755e-02
   2.034800e-02
   1.225536e-03
  -2.401924e-03
   1.138629e-02
   2.273207e-02
   1.316647e-02
  -3.643695e-03
   1.338377e-02
  -6.872097e-03
  -3.940044e-03
   5.390228e-03
   2.682318e-02
   1.571396e-04
   4.254160e-03
  -8.894901e-03
   1.726461e-02
  -9.808703e-04
  -6.666263e-03
  -1.348186e-02
   1.037483e-03
  -7.561724e-03
  -5.088547e-02
  -4.324751e-02
  -3.426840e-02
   4.747212e-04
   6.332619e-03
  -3.008297e-02
  -1.609325e-02
  -2.819162e-02
  -4.656763e-02
   2.749130e-02
  -2.562848e-02
   1.730711e-02
  -1.544428e-02
  -4.652740e-03
   2.828430e-03
   1.131524e-02
  -8.892884e-03
  -1.526816e-02
  -1.653047e-02
   1.938676e-02
   2.748646e-04
  -2.043273e-02
  -1.365704e-05
  -4.786290e-03
   2.650647e-02
   8.805787e-03
   1.284195e-02
  -6.418397e-03
  -1.062650e-02
  -1.274722e-02
   1.063565e-02
  -1.817036e-02
  -3.882608e-02
   1.088984e-02
  -7.289424e-03
   2.418741e-02
  -2.745778e-02
  -3.103045e-02
  -2.322127e-02
  -2.040233e-02
  -2.757439e-02
   1.372880e-02
  -1.589442e-02
  -1.465411e-02
  -6.902778e-03
  -1.814497e-02
  -6.735076e-03
  -1.963017e-02
  -4.478509e-02
  -1.869536e-02
  -9.006400e-03
  -3.503520e-04
   6.085473e-03
  -2.428411e-03
  -1.833511e-03
   1.026543e-02
   2.248896e-02
   2.100352e-02
   3.171580e-02
  -3.307321e-03
   2.432508e-02
  -1.921328e-02
  -8.830096e-03
  -6.796939e-03
  -3.334854e-03
  -2.509512e-02
  -2.996655e-02
  -8.941525e-03
  -1.565820e-02
  -1.340437e-02
   2.199549e-02
  -2.110671e-02
  -2.371201e-02
  -1.237016e-02
  -3.175208e-02
  -6.004691e-03
   9.390056e-03
  -5.855167e-03
  -7.011058e-03
  -1.989386e-03
   9.498019e-03
  -1.691799e-02
   2.716317e-03
   1.218636e-02
  -1.006938e-03
  -5.131173e-03
  -9.666784e-03
  -2.278746e-02
  -1.492499e-04
   1.042713e-02
   1.183119e-02
   8.916620e-03
   1.770639e-04
   1.639927e-02
  -1.994582e-02
   4.649967e-03
   1.184705e-02
   3.221043e-03
  -2.833041e-02
  -1.432876e-02
  -1.160110e-02
  -1.549080e-02
   2.136542e-03
  -1.454620e-02
  -3.379679e-02
  -2.308348e-02
  -7.727350e-03
   1.299737e-02
   9.780296e-03
   3.042959e-03
  -2.368265e-02
   1.407828e-02
   2.710609e-02
  -3.163279e-02
   1.101735e-02
  -2.488011e-02
   1.904260e-02
  -1.691818e-02
  -8.914989e-03
  -7.299599e-03
   1.568952e-02
  -6.732322e-04
  -3.734780e-03
   3.454824e-03
   5.182632e-03
   2.894708e-03
   9.125134e-03
  -2.544375e-02
  -2.523579e-03
   1.089064e-02
  -2.584969e-02
   6.139114e-03
  -9.266590e-04
  -2.202415e-02
  -3.363471e-02
  -3.387950e-02
  -3.575515e-02
  -6.121947e-03
   1.092879e-02
  -2.195045e-02
   1.287625e-03
   2.279957e-02
  -1.877052e-02
  -1.066703e-02
  -2.730884e-02
  -1.131425e-02
   8.458977e-03
   7.174438e-03
   2.848325e-02
   1.267016e-02
  -1.006910e-02
   9.803654e-03
   5.451740e-02
  -2.507480e-02
   2.624606e-02
   1.290312e-02
   5.260710e-03
  -3.696228e-02
  -1.623011e-02
  -3.267377e-02
  -4.341632e-02
  -1.262100e-02
  -1.060927e-02
   4.430404e-02
  -1.616261e-03
  -2.047572e-03
  -7.385551e-03
  -2.873275e-02
  -3.958915e-02
   2.342205e-02
  -4.491116e-02
   1.748466e-02
   1.176769e-02
   3.371307e-03
   2.868711e-03
   1.071159e-02
   2.246060e-02
   6.507598e-03
  -8.442674e-03
   1.663563e-02
   9.112224e-03
   1.552641e-02
  -3.476992e-03
  -7.804992e-03
  -1.003184e-02
   3.812556e-03
  -2.014604e-02
   1.665088e-02
  -5.004383e-03
  -1.976775e-02
  -1.935419e-02
  -1.956267e-02
  -1.869355e-02
   1.229958e-03
  -7.539076e-03
  -2.596545e-02
   1.292927e-02
   4.384998e-02
  -5.853358e-03
  -3.407679e-02
  -9.785502e-03
   1.229483e-02
   3.156198e-02
   1.214172e-02
   1.156332e-02
  -1.605695e-02
   2.400535e-02
   2.818407e-02
   1.939952e-02
  -9.748412e-03
  -1.523584e-02
  -4.498679e-03
  -2.419640e-02
   2.395773e-04
   9.388722e-03
  -2.485027e-04
   3.979475e-02
   5.549544e-04
  -4.040725e-02
  -3.801623e-02
  -2.216137e-02
  -9.025063e-03
  -2.185623e-02
  -2.488417e-02
  -1.058038e-02
  -7.090236e-03
  -3.158724e-02
  -2.102278e-02
   9.744316e-03
  -8.671227e-04
  -1.904927e-02
  -4.336108e-02
  -1.501579e-02
   3.980784e-03
   8.663344e-03
  -9.552734e-03
   1.078054e-02
  -1.875414e-02
  -2.145134e-02
   4.508413e-03
   3.670181e-02
  -2.501345e-02
  -1.181580e-02
   4.801892e-03
   3.457255e-02
   1.532924e-02
   1.117558e-02
  -5.906096e-03
   1.669478e-02
  -4.296037e-02
  -1.508991e-03
  -1.598065e-02
  -6.958125e-03
  -2.855770e-02
  -7.170521e-02
  -4.753743e-02
  -2.618267e-02
  -2.000185e-02
  -1.471299e-03
  -2.750381e-03
  -7.651439e-03
  -3.831796e-02
   1.553141e-02
   1.185837e-02
  -1.934938e-02
   5.486202e-03
   6.292424e-04
  -5.925025e-03
  -1.313546e-02
   1.210151e-04
   2.250769e-02
   1.975147e-02
   1.426709e-02
  -1.963557e-03
  -6.889679e-03
  -1.943074e-03
   4.174150e-04
   1.109435e-02
   3.628991e-02
   1.668123e-03
   8.628038e-03
   2.221154e-02
  -5.299429e-02
  -3.707990e-02
   1.845973e-02
  -4.559242e-02
   8.518940e-03
   9.719107e-03
  -2.661104e-02
  -1.058665e-02
   2.980084e-02
   1.624972e-03
   7.182642e-04
  -1.698953e-02
  -7.465176e-02
  -3.082779e-04
   1.472725e-02
   3.646446e-03
  -5.707552e-03
  -8.866840e-04
  -4.456415e-03
  -3.390502e-03
   4.330856e-03
  -2.073952e-02
  -1.365201e-02
   4.855692e-03
   1.017484e-03
  -3.741434e-03
  -3.137723e-02
  -7.659147e-03
   2.086621e-02
  -3.233936e-02
  -1.802300e-02
  -2.558472e-03
  -1.596394e-02
   6.207492e-03
   8.502817e-03
   9.301229e-03
   5.587248e-04
   9.783224e-03
   1.195304e-02
  -2.031696e-02
   1.477560e-02
   8.529444e-03
   1.646258e-02
  -1.088596e-02
  -1.810102e-02
   2.516089e-02
  -1.457647e-02
   7.988206e-05
   1.363905e-02
   1.254226e-02
   4.042920e-03
   1.921823e-03
   1.894575e-02
  -1.133617e-03
   3.451251e-02
   8.951511e-03
   9.845356e-03
  -1.734669e-02
  -2.069831e-02
   5.681240e-04
   7.661195e-03
   4.558339e-03
  -4.582223e-02
  -2.418827e-02
  -1.357651e-02
  -5.773167e-04
   4.282039e-05
   1.357956e-02
  -1.614400e-02
   1.690203e-02
  -3.136428e-03
  -1.085783e-02
   3.686448e-02
   2.313442e-02
   1.501987e-02
  -2.491588e-02
   4.368795e-03
   2.050744e-03
  -2.289079e-02
   2.610777e-02
  -9.159254e-03
   5.424923e-03
   8.427714e-03
   5.998574e-03
   2.093114e-03
  -8.305801e-03
  -3.252878e-02
   3.579492e-02
   2.609152e-02
   2.396417e-02
   8.826681e-03
   1.419960e-02
   4.652103e-03
  -1.391420e-02
   3.280444e-03
  -2.258306e-02
   1.709506e-03
  -5.788182e-03
  -1.227882e-02
   2.731290e-02
  -2.049864e-02
  -2.571630e-02
  -1.442636e-02
  -2.004767e-02
  -1.969375e-02
  -2.706900e-02
  -3.318353e-03
   5.935856e-03
   1.100350e-03
  -6.193700e-03
  -3.360379e-03
  -1.019056e-02
  -2.152683e-03
   1.289177e-02
   1.581530e-02
  -1.777292e-02
   2.828177e-02
  -1.653921e-03
  -2.526205e-02
   3.808146e-02
   7.827717e-04
  -7.495237e-03
   9.067307e-03
   9.006815e-03
   1.345474e-03
  -9.622495e-03
   8.370082e-03
  -1.916372e-03
   4.878577e-02
   6.696175e-03
  -2.290906e-02
  -2.353469e-03
  -9.613301e-03
  -1.230116e-02
  -1.991690e-02
  -3.521272e-02
  -1.935427e-02
   1.210927e-03
   5.500879e-03
  -1.656501e-02
   2.904486e-04
   1.317627e-02
  -1.146685e-03
  -6.320228e-03
  -2.314931e-03
   8.373736e-03
   6.363043e-03
  -1.046260e-03
   1.989637e-02
   2.429596e-02
  -5.015192e-04
   1.043012e-02
  -1.020712e-02
  -1.195210e-02
  -7.035157e-03
  -3.023420e-02
  -2.069249e-03
   2.268098e-02
  -7.700019e-03
  -5.259081e-02
   2.770586e-02
   8.247928e-03
   1.191953e-02
   1.431134e-02
   1.324337e-02
  -1.573865e-03
  -1.772735e-02
   5.254585e-03
   2.557569e-02
   2.618519e-02
  -3.908916e-02
   6.237097e-04
  -1.318209e-02
   1.871292e-02
  -1.325594e-02
  -7.623438e-03
   1.528120e-03
   1.655507e-02
  -5.363263e-03
   1.350388e-02
   2.805401e-02
   1.732333e-02
  -5.384606e-04
   1.434765e-02
   2.533218e-03
   1.509950e-02
   4.978365e-03
  -1.579100e-02
  -4.894821e-03
   7.757329e-03
   8.799694e-03
   2.634177e-02
  -2.608688e-03
  -1.332986e-02
  -2.036162e-03
  -4.698160e-03
  -1.154537e-03
  -8.272697e-03
  -1.693066e-02
   3.642436e-02
  -1.839715e-03
   3.912947e-03
  -1.312490e-02
   2.658300e-02
   1.321553e-02
  -2.195384e-02
   1.472101e-02
  -2.371209e-03
  -7.783888e-03
  -8.984310e-04
   2.024569e-03
   2.216095e-02
   3.081803e-02
   1.748181e-02
  -9.218555e-03
   1.207087e-02
  -9.107150e-03
   6.627318e-03
   1.388961e-02
   1.221066e-02
  -9.476360e-03
   2.547924e-02
   7.759819e-03
  -1.365080e-02
  -3.670106e-03
   5.760064e-03
   1.074014e-02
   2.114795e-02
  -4.890657e-03
  -5.400353e-03
  -3.157910e-03
  -2.455479e-02
  -5.037925e-03
   2.140000e-03
   5.843910e-03
   4.068963e-03
  -2.116700e-02
  -2.081188e-02
  -3.578577e-03
  -8.798516e-03
  -2.528583e-03
  -1.438947e-02
   1.537669e-02
   1.188756e-02
   1.614156e-03
  -9.378780e-03
  -8.998253e-03
   6.181251e-03
  -3.111609e-03
   5.519573e-04
  -1.859837e-03
   1.166041e-02
   1.415026e-02
   2.357819e-02
   1.041114e-02
   5.038065e-03
  -4.180996e-03
  -3.173600e-04
   1.808873e-02
   3.003069e-02
   1.543486e-02
   7.134587e-04
   3.408937e-03
  -6.021228e-03
   4.102804e-03
  -9.398465e-05
  -6.524758e-03
  -2.147156e-03
   3.185762e-03
  -2.578986e-02
   1.777813e-02
  -3.258730e-04
   2.769579e-03
  -1.203115e-02
  -2.336598e-04
   1.188756e-02
   6.750856e-03
  -1.313962e-03
   2.408561e-03
   1.753790e-02
  -6.408929e-03
   1.311449e-02
   2.181534e-02
   1.373376e-02
   1.394201e-02
   2.238201e-02
   1.646636e-02
   2.757291e-02
   4.499178e-04
  -1.801080e-02
   8.140848e-03
   5.825814e-05
  -1.565800e-02
  -1.058961e-02
  -3.635211e-03
  -7.041864e-03
  -6.603188e-03
   1.093541e-02
   3.580600e-02
  -1.557542e-02
   3.732277e-02
  -3.083094e-02
  -1.207081e-02
  -1.305268e-02
  -1.521330e-02
  -2.447355e-02
  -4.046524e-03
   1.188756e-02
   9.319205e-03
   4.002621e-03
  -1.123992e-02
  -2.760907e-02
  -1.732565e-02
   3.649958e-02
   1.094470e-02
   7.725530e-03
   1.188041e-02
   3.554148e-02
  -2.124672e-02
  -1.391026e-02
   1.612999e-02
   1.830610e-03
  -6.685466e-03
  -2.228050e-02
   5.999708e-03
  -1.606731e-02
  -3.183094e-04
  -1.228897e-02
  -1.687050e-02
   1.463282e-02
   1.645684e-02
   9.255128e-04
   4.547462e-03
  -2.796921e-02
  -6.864291e-03
   1.950185e-02
  -7.766241e-03
  -1.425314e-02
  -1.051963e-02
   1.188756e-02
   1.060338e-02
  -3.051925e-03
  -2.376178e-02
  -1.157870e-02
   1.663475e-02
   1.115261e-02
  -2.556761e-02
  -1.186763e-02
  -9.687399e-03
   1.526160e-03
  -8.261314e-03
   9.327704e-03
   1.378214e-02
   1.588872e-02
   1.277116e-02
   2.223033e-03
  -8.817759e-03
   2.309075e-02
   1.489914e-02
   2.192499e-02
   5.154960e-03
   9.893888e-03
   9.415281e-03
   1.895118e-03
   7.910781e-03
  -1.159398e-02
  -9.579115e-03
   1.414869e-02
   2.373421e-03
  -5.939861e-03
  -8.229746e-03
   3.192324e-03
  -2.331336e-03
   1.929021e-02
  -5.222262e-03
   2.395539e-02
   3.008002e-02
   2.464015e-02
  -1.585489e-03
   4.083111e-02
   4.916071e-03
   4.373265e-02
   2.181730e-02
   9.740018e-03
   1.363522e-02
  -7.616648e-03
   3.814678e-02
  -1.376034e-02
   8.427975e-03
   9.023704e-03
  -2.932631e-03
  -1.170288e-02
   1.343458e-02
  -4.896350e-03
  -2.237825e-02
  -1.971307e-03
   4.621081e-03
   3.973612e-03
   2.756185e-03
   8.754084e-03
   8.624108e-03
  -6.566655e-03
  -6.566655e-03
   8.715984e-03
   9.172725e-03
   1.114256e-02
   7.735723e-03
  -6.355636e-03
   1.457460e-02
   1.349481e-02
   7.201213e-03
  -7.276430e-03
   2.022513e-02
  -1.384748e-02
  -2.073832e-02
   1.829107e-02
   4.150345e-03
   5.177044e-03
   1.843554e-03
   5.756583e-03
  -4.204926e-03
   2.157577e-02
   1.123063e-02
   1.504874e-02
   2.308161e-02
  -5.745380e-03
  -1.704355e-02
   1.184324e-02
   5.280917e-03
   2.237483e-02
   3.032533e-02
   1.488196e-02
   1.827645e-02
   1.643970e-03
  -1.586895e-03
  -1.243237e-03
  -7.114008e-03
   8.371577e-03
   2.673907e-03
   5.700569e-03
   9.279481e-03
   7.563272e-03
   8.784112e-03
   2.758388e-02
   8.693186e-03
  -2.172945e-02
  -8.308110e-03
   4.670048e-05
   1.074424e-02
   2.233093e-02
  -8.565924e-03
   2.777626e-02
  -1.016974e-02
   1.341031e-02
   9.687652e-03
  -8.809413e-03
  -1.927820e-02
  -2.453358e-03
  -1.360629e-02
  -2.420683e-03
  -1.771549e-02
   1.045766e-02
  -3.607841e-03
   1.636108e-03
  -1.205365e-02
  -1.756827e-02
   1.620009e-04
  -1.442950e-02
   2.353207e-02
   8.067774e-03
  -7.700329e-03
   1.085130e-02
   7.826683e-03
   3.513905e-03
  -7.211920e-03
   7.725384e-03
   6.329967e-03
  -8.266515e-04
   1.657414e-02
   7.320891e-03
   1.138569e-02
  -4.467485e-03
  -8.432987e-03
   2.976097e-03
  -1.944339e-02
  -2.494399e-02
   2.291908e-02
   4.043682e-02
  -2.262669e-02
  -7.732192e-03
  -2.757464e-03
   9.795800e-03
   1.236980e-02
   5.189634e-03
   2.867921e-03
  -1.792649e-05
   5.753153e-03
   3.201401e-02
  -1.394197e-02
   4.861824e-03
  -5.432251e-03
   2.411615e-04
  -1.912039e-03
   2.009350e-02
   3.349272e-03
   5.877587e-03
  -7.935534e-03
   3.954112e-03
   9.727948e-03
   4.336337e-03
   9.959001e-03
   1.125365e-02
   3.194511e-02
   2.050189e-03
  -6.178257e-03
   2.605545e-02
   7.384924e-04
  -4.396590e-03
  -2.050954e-04
   3.734024e-02
   3.716034e-03
  -3.091257e-03
  -4.958306e-02
   9.971782e-03
  -1.482179e-02
  -4.936847e-03
   2.288471e-04
  -7.687685e-03
   3.070184e-03
   2.930024e-02
   8.741263e-03
  -1.331804e-03
  -1.183405e-02
  -7.231603e-03
  -1.010192e-02
   1.583385e-02
   1.339760e-02
   7.864167e-03
  -1.767752e-02
   9.487747e-03
   3.109033e-02
   8.374726e-03
   8.966522e-03
  -4.210408e-03
  -7.761253e-03
  -1.309861e-02
   1.392468e-02
   1.201797e-02
   6.639777e-03
   2.076953e-04
  -1.255168e-03
   1.769771e-02
   3.241838e-03
  -4.389396e-05
  -1.221213e-02
  -1.883378e-03
   1.335695e-02
   1.722890e-03
   1.220920e-02
   3.680955e-03
  -5.430349e-03
  -1.094225e-02
  -8.609065e-03
   6.899477e-03
   5.298990e-03
   3.526228e-03
   6.738867e-03
   3.994624e-02
   8.422655e-03
   3.244232e-03
  -2.093771e-02
   2.058406e-02
   2.331098e-02
   1.696636e-02
   3.947234e-02
   1.802573e-02
   9.778481e-03
  -2.005991e-02
  -3.353819e-03
  -3.926224e-03
   1.359495e-02
   3.187250e-03
  -1.092939e-03
   3.146394e-02
  -1.755078e-02
  -1.731197e-02
  -3.434122e-02
  -1.865011e-02
   2.262685e-02
   2.807222e-02
   9.056362e-03
  -6.417044e-04
   1.513663e-02
   7.143004e-03
   1.484035e-02
  -9.034248e-03
   2.083154e-02
   9.298658e-03
   1.323580e-02
  -1.050057e-02
  -2.562395e-02
   1.762782e-02
   1.108917e-02
   1.439438e-02
   1.150990e-02
  -3.292593e-03
   6.937197e-03
  -5.071365e-03
  -3.230778e-02
   1.930172e-02
   6.714989e-03
   4.197069e-03
  -3.377003e-02
   3.929484e-05
   1.492546e-02
  -2.163002e-02
   1.402760e-02
   1.057209e-03
  -5.935977e-03
  -2.812491e-03
  -8.341910e-03
  -8.152866e-03
   1.938321e-02
  -3.044077e-02
   1.295402e-02
  -1.382256e-02
   1.810795e-02
   7.467781e-03
  -1.080965e-02
   3.908168e-03
   3.931326e-03
  -3.201198e-03
  -1.085790e-02
  -3.748563e-03
   1.315202e-02
   1.414613e-02
   7.998651e-03
   4.082505e-02
   1.089965e-02
  -1.294060e-02
  -1.237610e-02
   3.928762e-02
   6.292839e-03
   2.474061e-02
  -1.325476e-02
  -1.674106e-02
   8.434264e-04
  -1.281973e-02
  -1.486832e-03
   1.344918e-02
  -8.552064e-04
   1.413150e-02
   1.629137e-02
  -2.379078e-02
   1.256588e-02
   1.736276e-02
  -1.096423e-02
   1.532281e-02
   1.068567e-02
   4.919782e-03
   6.655208e-03
   5.078410e-03
  -1.613723e-02
   3.266810e-02
   6.741881e-03
  -5.485438e-03
   4.277907e-03
   2.103947e-02
   3.039047e-02
   3.560776e-02
   1.541670e-02
   1.642595e-02
  -1.162780e-04
   2.372023e-02
  -4.557186e-02
   9.763543e-03
  -4.170601e-03
   1.595635e-03
   4.345878e-03
  -1.767259e-02
  -2.060438e-02
  -6.443529e-04
   8.872662e-03
  -1.398657e-03
  -1.412945e-02
  -5.792732e-03
  -1.327077e-02
  -4.694345e-03
  -3.384278e-03
  -2.425125e-02
   2.541183e-03
  -2.203582e-02
   1.356885e-02
  -1.869770e-02
   4.373043e-03
   3.946206e-03
   1.064277e-02
   5.641555e-03
   2.572532e-02
   2.081885e-02
  -9.486454e-03
   6.966046e-03
  -1.266557e-03
  -2.239657e-02
   2.290703e-02
  -2.565146e-02
  -4.346927e-03
   3.060311e-02
  -1.478683e-02
   8.590853e-03
  -3.120668e-03
  -4.163086e-02
   1.221167e-02
  -4.294872e-03
  -2.448900e-02
  -2.313212e-02
   8.474756e-05
   2.398198e-02
  -4.658547e-02
  -1.948508e-02
  -1.633597e-02
  -1.139655e-02
   1.397001e-02
   1.214204e-02
   1.688267e-03
  -9.261832e-03
  -2.444394e-03
   1.265513e-02
   1.701749e-02
   3.006482e-02
   5.622613e-02
   2.167232e-02
  -1.364844e-02
   3.009435e-03
   5.628312e-03
   3.127113e-03
  -1.314520e-02
  -1.543266e-02
  -1.426561e-02
   1.159344e-02
   2.266693e-02
  -5.312695e-02
   1.517330e-02
   2.584291e-02
  -3.846571e-03
   1.013910e-02
   2.907145e-02
  -2.773274e-03
   1.361858e-02
   1.854234e-03
  -3.085873e-02
  -4.547520e-03
  -3.867388e-03
  -1.896897e-02
   2.578788e-02
   2.020409e-02
   3.218594e-03
  -1.077606e-02
   1.046268e-02
   3.210121e-02
   2.823490e-03
  -3.531528e-03
   9.225550e-03
  -1.436645e-02
  -1.028963e-02
   3.478721e-02
   3.766938e-02
   2.039825e-02
  -3.123935e-04
  -7.501307e-03
  -2.301724e-02
   7.369316e-03
   8.375659e-03
  -2.199363e-02
   1.834742e-02
  -2.510980e-02
  -7.853710e-03
   1.962640e-02
  -1.323600e-02
  -2.274817e-02
  -5.432315e-02
   6.751006e-04
  -1.775931e-02
  -3.360428e-03
   2.883150e-02
  -2.386228e-02
   7.307475e-03
  -1.673005e-02
   1.758083e-03
  -4.427747e-02
   2.296996e-02
  -1.848054e-02
   2.937986e-03
  -8.289794e-03
  -1.425951e-03
   1.492064e-03
   1.514674e-02
   1.202626e-02
   1.193992e-02
   1.044562e-02
  -1.001319e-03
  -4.705073e-03
   1.772364e-02
   1.245384e-02
   2.030577e-03
   2.212377e-02
  -1.202032e-02
   3.174343e-03
  -2.208487e-02
   3.203088e-03
  -1.434187e-02
  -4.118586e-03
  -2.226309e-02
   2.457032e-02
  -3.741381e-03
  -2.592509e-02
  -1.025388e-02
  -1.132847e-02
   1.999682e-02
  -4.686741e-03
   9.508959e-03
   2.072654e-02
  -2.368263e-02
   1.866672e-02
   6.409098e-03
   6.728102e-03
   1.647352e-02
   3.238546e-02
   1.042299e-02
   1.300112e-02
   1.247052e-02
   1.145807e-02
  -7.535216e-03
  -3.880323e-02
  -6.654074e-03
  -3.773295e-02
  -3.483096e-02
   3.877534e-02
  -9.948086e-04
  -2.311829e-02
  -2.749526e-02
   2.961269e-02
   8.492735e-03
   2.358356e-02
   2.790235e-02
   8.619899e-03
   4.148558e-03
  -1.088827e-02
  -1.669784e-02
  -3.119455e-02
  -8.240189e-03
  -1.178067e-02
  -9.208047e-03
  -9.643607e-04
  -1.924646e-03
  -1.460889e-03
  -1.885155e-02
   6.448994e-03
   7.406680e-03
   1.982187e-02
  -1.884134e-02
   6.683874e-04
   6.358530e-03
   5.450272e-03
  -1.794382e-03
  -2.367527e-02
  -3.042818e-02
   1.894098e-02
   1.317593e-02
  -2.280328e-03
  -4.026826e-02
  -2.087389e-03
  -1.543818e-02
   7.308542e-03
  -4.883437e-03
  -3.416802e-02
  -2.650233e-03
   1.349520e-02
   7.881082e-03
  -3.445463e-03
  -1.445466e-02
  -6.960130e-03
  -2.151220e-02
  -8.762240e-03
  -6.930287e-03
  -1.009011e-02
  -2.237569e-02
   2.303065e-02
  -4.597788e-03
   4.823572e-03
   8.901522e-03
  -1.375359e-02
   2.562200e-02
   7.845386e-03
   5.936682e-03
   5.778872e-03
  -2.931976e-02
  -1.548826e-02
  -2.277266e-02
  -1.204701e-02
  -3.837018e-02
  -3.931429e-03
  -7.519538e-02
  -4.443102e-02
   5.217148e-03
  -3.229163e-02
   1.683219e-02
   1.653871e-02
  -2.255610e-02
   4.699064e-03
   5.999483e-03
   3.679988e-03
  -2.939638e-02
   1.332308e-02
  -4.723736e-02
  -1.632208e-02
  -7.242500e-03
  -2.568204e-03
   8.577588e-03
   8.318963e-03
  -1.207198e-02
   8.541561e-03
   2.291331e-02
   3.083069e-02
  -8.687464e-03
  -2.215137e-02
  -3.575567e-03
   9.026055e-03
   1.082826e-02
   1.381463e-02
  -1.314292e-03
   1.535358e-02
  -1.494441e-02
  -4.815933e-02
   1.532205e-02
  -1.281829e-02
   2.522111e-02
  -1.518058e-02
  -3.788129e-03
  -1.689430e-02
   1.570714e-02
   2.185767e-02
  -3.314402e-02
  -1.169846e-02
  -2.763399e-03
  -3.529214e-02
  -4.355859e-02
  -2.388193e-02
   1.524871e-03
  -1.517791e-03
  -6.363636e-03
  -2.290421e-02
   2.652806e-02
   1.891180e-02
   4.337947e-02
   3.210232e-02
   2.209678e-02
   5.886991e-03
   3.813185e-02
  -9.951156e-03
  -1.794322e-02
  -4.251892e-02
  -1.165271e-02
  -3.793199e-02
   1.139827e-02
  -2.533039e-02
  -4.793763e-02
   1.721340e-02
   1.417148e-02
   1.215695e-02
  -1.754835e-02
   4.860893e-03
  -4.914186e-02
   5.094047e-03
  -1.466337e-03
  -1.456642e-02
  -1.925623e-02
  -4.043888e-02
  -4.814629e-02
   4.955146e-05
   2.398103e-02
   1.445475e-02
  -9.610129e-03
   1.358817e-02
   1.243811e-02
  -2.801905e-03
  -1.660339e-03
   1.280382e-02
   7.969492e-03
   9.404737e-03
  -6.919742e-03
   3.250987e-02
  -4.631838e-02
  -6.081005e-03
  -3.727488e-02
  -4.848755e-02
  -1.921693e-02
  -1.662286e-02
  -2.628389e-02
  -4.633658e-02
  -4.258294e-02
  -1.831214e-03
  -1.961611e-02
  -3.373480e-02
  -4.021048e-02
  -1.540478e-02
  -4.036914e-03
   1.336214e-02
  -2.740878e-03
   3.240674e-02
   9.876227e-04
  -1.104616e-04
  -3.371656e-03
  -8.392846e-03
  -1.386832e-02
   3.334227e-03
   7.886167e-03
   6.418556e-03
   7.420565e-03
   1.012744e-02
   5.392497e-03
   1.036394e-02
   7.064962e-03
  -2.268683e-02
   2.253069e-02
  -8.120982e-04
  -2.235479e-02
  -4.572685e-02
  -1.077305e-02
  -4.143549e-02
   5.761497e-03
  -3.978093e-03
  -2.866006e-03
   2.236891e-03
  -2.535008e-02
  -3.895574e-02
  -3.221999e-03
   2.397607e-03
   1.942192e-02
   3.174553e-03
  -3.747616e-02
  -1.678833e-02
   6.369418e-03
   2.990720e-03
  -5.586333e-03
   4.641331e-03
  -2.360198e-02
   1.028283e-02
   7.544210e-03
   1.417141e-02
   1.750348e-02
   1.489288e-02
   3.977964e-02
   1.959355e-02
  -2.153608e-03
  -8.716750e-03
   4.340394e-02
  -1.037178e-02
  -8.238969e-03
   3.059538e-02
   5.182735e-03
  -1.555559e-02
  -3.383139e-02
  -1.269772e-02
  -1.349883e-02
  -1.080124e-02
  -2.410658e-02
  -2.526922e-02
  -5.371705e-02
  -3.544168e-03
  -4.529059e-02
   1.739031e-02
  -1.677430e-02
  -6.845332e-02
  -3.104195e-02
  -1.721645e-03
  -2.660573e-02
  -1.245638e-02
   1.953750e-02
   3.390067e-02
  -2.163562e-03
  -3.414243e-02
   3.109724e-02
   1.856620e-02
   1.187151e-02
   3.893302e-03
  -2.655619e-02
   2.202266e-02
   2.345416e-02
   4.935862e-03
  -3.082468e-02
  -2.454129e-02
  -4.274127e-03
   7.861784e-03
  -5.051824e-02
  -6.448012e-02
  -3.426015e-02
  -2.702084e-02
   1.382189e-02
   1.570248e-02
  -2.253710e-02
  -7.558176e-02
   2.764353e-02
  -5.949612e-03
  -4.425016e-03
  -2.611803e-02
  -2.931027e-02
   1.308518e-02
  -2.046915e-02
  -7.092640e-05
   1.881859e-02
  -3.447932e-03
   1.518543e-02
   2.927678e-02
   5.661424e-03
  -1.514775e-02
  -1.475309e-02
   2.457766e-02
  -2.875011e-02
   1.546901e-02
   5.317832e-03
  -1.053739e-02
  -1.665921e-02
  -2.737227e-03
  -3.147861e-02
  -3.472586e-03
  -2.699541e-02
  -5.973132e-02
  -7.251652e-02
  -6.765216e-02
  -5.139770e-02
  -3.221588e-02
  -2.755906e-02
  -2.962321e-02
   1.821032e-03
  -5.997770e-03
  -5.299510e-03
  -5.475744e-03
  -3.077084e-02
  -1.151424e-02
   1.062036e-02
   1.382324e-02
  -7.115006e-04
   4.643956e-03
  -1.604577e-02
   3.470722e-02
  -7.195922e-03
  -4.474127e-03
   1.026717e-02
   5.002873e-02
   3.634405e-03
   8.959825e-03
  -7.114450e-03
  -2.029867e-02
  -4.324417e-02
  -3.523065e-02
   2.528655e-02
   7.115779e-03
  -2.737397e-02
  -7.493322e-02
  -6.745146e-02
  -1.235828e-02
  -3.681034e-02
  -2.518503e-02
  -2.586004e-02
  -2.246043e-02
  -2.151670e-02
  -1.755913e-03
  -1.205241e-02
  -8.363454e-03
  -2.224990e-02
  -1.664755e-02
   4.600921e-03
   1.608012e-02
  -6.710950e-03
   1.554017e-02
   2.533007e-02
  -3.273898e-02
  -8.873053e-03
   1.325988e-02
   1.019765e-02
   7.065911e-03
   1.899395e-02
   5.638158e-04
   2.320977e-02
  -5.962624e-03
  -1.678659e-02
  -3.716691e-02
  -1.347006e-02
  -4.666225e-04
  -1.468304e-02
  -1.703522e-02
  -4.333311e-02
   6.134437e-03
   1.374454e-03
  -3.818887e-02
  -3.001137e-03
   9.798095e-03
  -4.391069e-02
   2.224673e-02
  -2.910182e-02
   6.324241e-03
  -1.074000e-03
  -4.148395e-03
   8.350760e-03
  -1.043703e-02
  -3.550147e-02
   3.889762e-02
   2.071730e-02
  -2.497489e-03
  -8.817194e-03
   3.126175e-02
   4.633580e-03
  -1.163534e-02
   1.116188e-02
   2.612704e-02
  -6.026321e-03
  -9.975016e-03
  -1.410749e-02
  -1.556087e-02
  -2.305479e-02
  -4.400777e-03
   3.677446e-02
  -1.641747e-02
   8.401272e-03
  -1.420882e-02
   7.348094e-03
  -4.842121e-02
  -7.237296e-03
   7.218926e-03
  -2.073039e-02
  -9.256421e-03
  -1.191603e-02
  -2.003412e-02
  -1.584681e-02
  -4.293330e-03
  -4.438265e-03
  -3.067754e-02
  -1.474055e-02
  -3.364339e-02
   2.113899e-02
   7.324398e-03
   3.331691e-03
  -2.355405e-02
  -1.128975e-02
   5.219802e-03
   1.910241e-03
  -1.760669e-02
  -1.454342e-02
   1.523787e-04
  -6.005054e-03
  -2.611383e-03
  -5.878745e-02
   2.317771e-02
   2.147726e-02
  -2.785821e-02
  -1.365129e-02
  -5.149342e-03
  -2.783249e-02
  -2.566824e-02
   2.059422e-02
  -2.508378e-02
  -4.858206e-03
  -2.662599e-02
  -2.701525e-02
  -5.869789e-02
  -3.258342e-02
  -6.998842e-03
  -9.704353e-03
   1.571655e-02
  -1.125182e-03
   1.240062e-02
  -1.871119e-03
  -5.715979e-03
  -2.260122e-02
   6.777732e-03
  -2.562768e-02
  -4.932224e-03
   8.865971e-03
  -1.595898e-02
  -3.469305e-02
  -7.935710e-03
  -7.453722e-03
  -3.190294e-02
  -6.902723e-04
   1.600428e-03
  -1.480520e-02
  -1.748881e-02
  -2.999886e-02
  -1.878720e-02
  -2.121340e-02
  -3.034088e-02
  -4.580638e-03
   3.112145e-03
  -1.092253e-02
  -8.579226e-03
  -1.161405e-02
  -3.667314e-02
  -4.044994e-02
  -6.998842e-03
  -8.351597e-03
   3.682475e-03
  -6.935618e-03
  -2.336415e-02
  -3.915297e-02
  -1.373669e-02
  -5.540771e-03
  -2.942502e-03
  -1.428509e-02
   2.421855e-03
  -3.452996e-03
  -2.040216e-02
  -2.093875e-03
   2.403774e-02
  -1.400738e-02
  -1.599857e-02
  -6.319177e-03
  -1.280526e-03
  -4.610928e-03
   2.707037e-03
  -2.034438e-02
  -1.964002e-02
  -7.312096e-03
  -1.173595e-03
  -6.054245e-03
   1.031048e-02
   7.918129e-03
   1.484566e-02
  -4.327574e-02
  -3.970748e-02
  -5.209324e-02
  -6.998842e-03
  -7.675219e-03
  -1.996372e-03
  -9.258430e-03
  -1.247991e-02
  -5.271423e-03
  -4.537037e-03
   5.000624e-03
  -1.006447e-02
  -3.673864e-04
   3.235773e-02
  -4.530040e-02
  -3.783856e-02
  -2.420847e-02
   6.375688e-04
  -2.143895e-02
  -1.176478e-02
   5.649903e-03
   2.408369e-03
  -5.065021e-03
  -8.141192e-03
  -3.374132e-02
  -3.211639e-02
  -1.619976e-02
  -7.873115e-03
  -1.524036e-02
  -9.402020e-03
  -2.239841e-02
   2.207549e-02
  -3.084192e-02
  -2.231803e-02
   3.595295e-03
  -6.998842e-03
  -7.337031e-03
  -8.318408e-03
  -1.562182e-02
  -2.115637e-02
  -3.536737e-02
   7.182701e-03
  -3.760268e-03
   1.505066e-02
  -9.477721e-03
  -2.809268e-03
  -1.162427e-02
  -9.295047e-03
  -3.114520e-03
   2.415996e-02
   2.685648e-02
  -1.557425e-02
  -1.573889e-02
   1.861151e-02
   4.202442e-03
  -9.391603e-04
   9.369284e-03
  -1.137355e-02
  -1.127310e-02
  -6.245988e-03
  -3.763204e-02
  -1.619749e-02
  -2.241159e-03
   7.873243e-03
   6.818519e-04
  -1.081809e-02
  -3.611398e-03
