  -7.282557e-03
  -2.242807e-02
  -4.070236e-02
  -1.131677e-02
  -7.479259e-03
   4.386407e-02
  -2.841326e-02
   5.077569e-03
   3.742502e-02
   5.864576e-03
   2.498536e-03
   2.902207e-02
   2.337313e-02
   4.066568e-03
   1.288948e-02
  -3.786976e-03
  -5.723338e-03
  -1.911722e-02
   1.790135e-02
   4.727634e-02
   4.233769e-03
   1.005367e-02
   1.384092e-02
   1.317271e-02
   2.444124e-02
   3.630862e-02
   9.799674e-03
  -7.128585e-03
   9.658898e-04
   1.460543e-02
  -1.202300e-02
  -1.202300e-02
   7.862952e-03
   1.739143e-03
  -1.602972e-02
  -9.183511e-03
  -1.678384e-02
   1.309002e-02
   7.900729e-04
   1.884042e-02
   3.807993e-02
   4.379144e-03
   4.649340e-02
   1.196615e-02
   3.806733e-02
   3.822254e-02
   1.356849e-02
   3.625768e-03
   5.375455e-02
  -2.141174e-02
   2.554493e-02
   3.318949e-02
   2.674721e-02
  -2.264959e-03
   1.829639e-02
   2.627715e-02
   2.384241e-02
   1.757755e-02
   9.194838e-03
   2.129232e-02
  -4.579179e-03
  -1.875904e-02
   1.132050e-02
   5.857317e-04
  -2.880694e-03
   2.891689e-02
  -1.597215e-02
  -4.924203e-03
  -1.513652e-02
  -8.011295e-04
  -3.568834e-04
  -3.050498e-03
  -1.613933e-03
   1.197526e-02
   3.316057e-02
   3.141095e-03
   5.211118e-02
   3.893823e-02
  -4.638354e-04
   2.687092e-02
  -1.952308e-02
   1.599386e-02
   1.615526e-02
   3.027308e-02
   3.018040e-02
   1.241725e-02
  -2.127678e-02
  -3.340196e-03
   9.828897e-03
   9.643343e-04
  -1.218305e-02
  -1.193646e-02
  -1.373184e-02
   3.482753e-02
   3.302402e-02
   2.459696e-03
  -5.734666e-03
  -3.106685e-03
   3.694755e-03
   3.016309e-02
   1.500753e-02
   1.130423e-02
  -3.455540e-03
  -2.907159e-02
   4.486516e-03
   2.172927e-02
   1.740307e-02
   5.567961e-02
   3.624696e-03
   1.868335e-02
   1.427692e-02
   3.483647e-02
   6.026239e-02
   9.246649e-03
   5.003705e-02
   4.156716e-02
   4.250426e-02
   8.120951e-03
   2.193133e-03
   1.143929e-02
   1.784904e-02
   5.059747e-02
   2.032475e-02
   1.316009e-02
   1.259920e-02
   1.664684e-02
   3.353639e-03
   1.073874e-02
   1.492348e-02
  -2.189560e-02
  -8.185786e-03
  -6.356515e-03
   2.251554e-03
   1.970628e-02
   4.302087e-03
   1.100235e-02
  -1.582575e-02
   5.305225e-02
   6.286418e-03
   2.101304e-02
   1.544533e-02
   1.789354e-02
   1.162688e-02
   1.102642e-02
   2.254139e-02
   1.583287e-02
   1.571058e-02
   2.428082e-02
   1.736959e-02
   1.072434e-02
   1.048907e-02
   5.739756e-02
   1.276927e-02
   3.113787e-02
   2.972449e-02
  -1.463604e-02
   1.130232e-04
   1.580698e-02
   1.299140e-02
   1.174428e-02
   1.472648e-02
   7.076827e-03
   7.244016e-03
   2.284101e-02
   9.557157e-03
   1.780051e-02
   1.583932e-02
   1.027283e-02
   1.251318e-02
   5.501312e-02
   2.191048e-02
   1.073097e-03
   1.925003e-02
   2.629824e-02
   3.310617e-03
   1.750624e-02
   1.393590e-02
   1.317675e-02
   1.501928e-02
   1.230490e-02
   1.711647e-02
   6.917739e-03
   3.389204e-02
   4.618982e-02
   1.968623e-02
   1.657163e-02
   3.452632e-02
   1.105963e-02
   2.134466e-02
   6.698772e-03
   6.959844e-03
   3.444782e-02
  -2.223169e-03
   1.345561e-03
  -3.536021e-03
  -1.989885e-02
  -4.664449e-03
   3.268484e-02
   1.547810e-02
   1.539482e-04
   5.925094e-04
   1.271758e-02
   2.769178e-02
   2.492013e-02
   1.627878e-02
   4.533661e-02
  -3.105427e-02
  -3.929318e-03
   1.760082e-03
   7.918959e-03
  -1.664581e-03
  -1.179846e-02
   3.187364e-02
   5.547958e-02
   3.157627e-02
   5.357195e-03
   3.214184e-03
   1.859838e-02
   2.432392e-04
  -4.777831e-03
   1.730150e-03
  -1.937866e-02
   4.006097e-04
  -6.970285e-03
   1.743824e-02
  -8.169736e-04
  -2.834811e-03
   8.920482e-03
   2.357532e-02
   1.516616e-02
   1.323431e-02
   4.248860e-02
   3.449015e-02
   6.038933e-02
   5.121894e-02
   2.645843e-02
  -8.975668e-03
  -3.945010e-02
   8.458454e-03
  -8.203302e-03
  -2.913904e-02
   2.647849e-02
  -1.779810e-02
  -1.899931e-02
   3.479341e-02
   7.107278e-04
   1.223540e-02
   1.273340e-02
   2.627850e-02
  -1.342328e-02
   1.903969e-02
  -5.175682e-03
   9.732435e-03
   3.053604e-03
  -1.871111e-02
   3.283389e-02
  -1.739205e-02
   3.514444e-02
  -5.721595e-03
  -4.298692e-03
   4.182218e-03
   3.232195e-02
   7.761747e-02
   1.392174e-02
   3.047254e-02
   2.851774e-02
  -4.011609e-03
   2.966320e-02
  -3.918978e-02
   1.568658e-02
  -7.347296e-03
  -2.265036e-03
  -2.969743e-02
   4.012927e-03
   2.348954e-02
  -4.643246e-03
   1.771202e-02
   6.321346e-03
   3.921189e-03
   1.177952e-02
  -8.213975e-03
   1.961101e-02
   2.833070e-02
   2.976448e-02
   1.590766e-02
   1.378773e-04
   6.073843e-04
   3.181907e-02
   5.683343e-03
  -1.585152e-02
   7.759197e-03
   2.784827e-02
   3.850030e-02
   2.436362e-02
   4.077080e-02
  -5.788691e-04
   4.496052e-02
   1.580605e-02
   5.897223e-03
   3.304048e-02
  -7.929285e-03
  -1.323052e-02
   2.061095e-02
   3.618788e-02
  -1.367483e-02
   7.383062e-04
   1.615017e-02
  -1.841998e-02
   2.298591e-02
   2.941445e-03
   9.330912e-03
  -5.656829e-03
   4.386035e-03
   2.395035e-02
   5.887586e-02
   2.672209e-02
   1.754147e-02
   4.238374e-02
  -1.188645e-02
   6.144510e-03
   1.556461e-02
   2.823074e-02
   2.041005e-02
  -6.824557e-04
   1.168606e-02
  -1.413855e-02
   9.063584e-03
  -2.234288e-04
   2.067538e-02
   1.129361e-03
   3.147626e-02
   1.045308e-01
  -8.217235e-02
  -4.213787e-02
  -3.401179e-02
   3.308524e-02
  -9.625064e-04
  -3.535038e-03
   2.733120e-02
  -9.431496e-03
   1.177594e-02
  -1.511530e-02
   3.611784e-02
   4.212745e-03
  -2.555353e-02
  -4.213150e-03
   2.299676e-02
  -8.474059e-03
  -1.484761e-02
   1.530971e-02
   5.065252e-03
   4.447487e-03
  -1.546915e-02
  -2.093004e-02
   4.169273e-03
   1.743409e-03
   1.144552e-02
   2.031214e-02
   3.093918e-02
   6.206828e-03
   2.420687e-02
   1.431886e-02
   1.434768e-02
  -3.412119e-03
  -3.122482e-02
   1.797673e-02
  -5.427565e-03
   1.306105e-02
  -4.941041e-03
  -4.652517e-03
  -4.702420e-04
   2.618688e-02
   7.453923e-02
   5.903005e-02
   2.635165e-02
   3.303667e-02
   8.687928e-03
  -3.824619e-02
  -1.389600e-02
  -1.722195e-02
  -2.885233e-03
   8.775224e-03
   1.239026e-02
   1.385431e-02
   1.595022e-02
   1.066072e-03
   1.302780e-02
   1.366236e-02
   1.204049e-02
  -1.815959e-03
   2.283502e-02
   1.645806e-02
   3.735281e-02
   2.346905e-02
   1.767505e-02
  -2.971989e-03
  -1.709840e-02
   3.072590e-03
  -2.476284e-04
   1.152547e-02
  -2.721019e-02
   1.666347e-02
   5.175499e-03
   3.135061e-02
   2.951008e-03
   8.388809e-03
  -2.277795e-02
  -4.001377e-02
  -3.751057e-03
   1.687214e-02
  -2.311265e-02
   1.123367e-02
   4.804861e-03
   2.805585e-02
   1.430535e-02
   1.876202e-02
   2.190552e-02
  -3.783697e-03
   3.209949e-03
   2.783775e-02
   5.421020e-03
  -5.834094e-03
   3.530996e-03
  -5.624063e-04
   3.565738e-03
   2.904253e-02
   3.997650e-02
   1.629328e-02
   3.618183e-03
   1.165967e-02
   1.729525e-02
  -4.739829e-03
   3.559725e-02
   2.874119e-02
   3.433393e-02
  -1.301638e-02
   6.722254e-03
  -5.647870e-03
  -1.391296e-04
   1.501368e-03
   2.128865e-02
   8.604815e-03
   4.715469e-02
   1.197504e-02
  -3.029856e-02
  -4.219526e-03
   9.821330e-03
   2.812642e-02
  -1.036812e-02
  -1.564140e-02
  -1.313705e-03
   3.963169e-02
   6.338247e-02
   1.304930e-02
   5.581667e-02
   5.225504e-03
   1.648978e-03
   8.515076e-03
   1.313128e-02
   1.471228e-02
   9.165234e-03
   1.292288e-02
   1.442005e-02
  -2.191835e-03
   2.004672e-02
   2.837013e-02
   1.088846e-02
   3.091937e-02
   4.073173e-03
  -4.857898e-03
   2.636793e-02
   7.014134e-03
  -1.804340e-02
   6.645588e-03
  -1.307550e-02
   1.981036e-02
  -5.244103e-03
  -9.271013e-04
   1.073078e-03
  -2.000939e-02
  -3.207510e-02
   1.570542e-02
   1.094111e-02
   4.376884e-03
   1.146963e-02
   2.208753e-02
   6.864755e-02
  -5.912347e-03
  -5.064725e-03
  -9.762488e-03
   3.942461e-04
   7.639772e-03
   6.803736e-03
   1.644657e-02
   1.117109e-02
   2.646660e-03
   3.807443e-02
   1.803079e-02
   1.520455e-03
  -6.030201e-03
   1.892153e-02
   9.169356e-03
  -3.952888e-03
   1.823063e-02
   2.178373e-02
   2.439466e-02
   1.198841e-02
   1.753679e-02
  -4.654551e-05
   4.682146e-03
   1.970759e-02
   2.580079e-02
  -6.662572e-03
  -1.593045e-03
   6.779602e-03
   1.099074e-02
  -7.065145e-05
  -1.980494e-02
   2.388915e-02
   4.052931e-02
  -2.181140e-03
   1.632308e-02
  -2.186059e-03
   7.812786e-03
  -6.036629e-03
  -3.476170e-03
   6.547219e-03
   1.645121e-02
  -8.594252e-03
   1.598779e-02
   1.119252e-02
   1.510912e-02
   3.283946e-03
   2.715994e-03
   1.828532e-02
   3.621254e-02
   1.247513e-02
   1.414610e-02
   1.589308e-02
   2.081159e-02
  -1.716101e-02
   4.491473e-02
  -1.681625e-04
  -2.318048e-03
   1.860325e-03
   4.929437e-03
   2.098107e-03
  -2.421665e-02
  -2.625098e-02
   5.227275e-03
   6.184660e-03
   1.068176e-02
  -1.172638e-02
   1.287944e-02
   2.728829e-02
  -1.297804e-02
  -2.720966e-03
   6.893424e-03
   2.042744e-03
   1.065288e-02
   4.618639e-03
   9.972051e-03
  -3.319086e-02
   3.850228e-03
   1.555677e-02
   2.414009e-02
   8.019432e-03
  -1.552295e-04
   1.724066e-02
  -5.187313e-03
   1.662623e-02
   1.585633e-02
   4.548450e-03
   4.177908e-02
   4.055668e-02
   1.152571e-02
   1.038322e-02
   1.452103e-02
   2.090004e-02
   8.917157e-03
   1.082610e-02
  -7.181867e-03
   5.208986e-03
   7.739439e-03
  -4.879416e-03
  -1.065131e-02
   6.140908e-03
   2.708276e-02
   1.635069e-02
  -2.983605e-02
   8.351003e-03
   1.949892e-02
   3.061062e-02
   5.247264e-02
   9.120289e-03
   8.794592e-03
  -2.840340e-02
  -1.859686e-02
   1.478714e-03
   1.480983e-04
  -2.485205e-02
  -2.734180e-02
  -4.823112e-03
   1.093279e-02
  -2.228060e-02
   1.964752e-02
   3.944408e-02
  -3.661520e-03
   1.493676e-03
  -7.395872e-03
  -2.219620e-02
   2.815914e-02
   4.541154e-02
   1.744113e-02
   1.409371e-02
   1.079260e-02
   6.517010e-03
   1.363785e-02
   4.428797e-02
   1.795838e-02
   3.520504e-03
   7.105717e-04
  -1.217487e-02
  -9.779619e-03
   5.251489e-03
   5.037753e-02
   8.404787e-03
   1.551021e-02
   9.908661e-03
   9.703997e-03
  -4.962903e-03
   2.150464e-03
   1.738557e-02
   5.503537e-03
  -6.325650e-03
   1.651190e-02
   2.145751e-02
   1.574402e-02
  -1.051193e-02
   2.663097e-02
   2.267010e-03
  -2.111113e-03
   2.493026e-02
   2.298824e-02
   3.134209e-02
   2.439161e-02
   1.747306e-02
   1.895116e-02
   1.164723e-02
   1.302150e-02
   2.111432e-02
   1.283539e-02
   3.771738e-02
   2.815151e-03
   4.429116e-02
   5.236456e-02
   3.629695e-02
   2.560109e-02
   4.770062e-02
   3.493279e-02
   2.415495e-02
   8.781018e-03
   3.668195e-02
  -3.968908e-03
   2.477847e-02
   2.013463e-02
  -1.012802e-02
   1.774065e-02
   1.865012e-02
   3.238296e-02
   4.076226e-03
  -1.575074e-03
   7.418468e-03
   4.984033e-03
   1.537730e-02
   1.587531e-02
   2.562649e-02
   1.796712e-02
   1.393386e-02
   2.858783e-02
   8.099249e-03
  -2.620231e-02
   1.431240e-02
   2.243795e-03
  -1.169441e-02
   3.904703e-02
   4.879014e-02
   2.574691e-02
  -1.218645e-03
   6.567962e-03
   2.780616e-02
   4.303679e-02
  -1.108539e-02
   3.724483e-02
   7.775411e-03
  -3.135295e-03
   9.142718e-03
  -7.818145e-04
   2.848655e-02
  -4.729683e-03
   3.019350e-03
   5.466043e-03
  -3.991048e-03
  -2.783061e-03
   1.541190e-02
  -7.485234e-04
   2.853664e-02
   3.489501e-02
   3.789524e-02
   7.916522e-03
   1.997211e-02
   3.990186e-02
   2.390886e-02
   7.205089e-03
  -6.822395e-03
  -6.478201e-03
   3.153640e-03
   2.664109e-02
   3.772259e-02
   3.051571e-03
   1.486513e-03
  -4.678554e-03
   1.391925e-02
   2.265173e-02
   2.164981e-02
   6.099241e-04
   2.062051e-02
  -7.392398e-03
   1.570951e-02
   3.317554e-02
   1.550966e-02
   2.729013e-02
   1.881549e-02
   6.736487e-03
   2.802818e-03
  -2.335411e-03
   1.331931e-02
   3.400242e-02
   1.018029e-02
  -1.611802e-02
   4.835889e-02
   6.232590e-03
   2.384213e-02
   1.713846e-02
  -7.192500e-03
   3.793620e-02
   2.544621e-03
  -4.060230e-03
  -2.898507e-03
   9.328766e-03
   1.030280e-02
   2.709292e-02
   1.967351e-02
  -6.219875e-02
   1.585699e-02
   1.925436e-02
   1.534683e-02
   1.037585e-02
   2.636907e-02
   5.478823e-02
  -4.657172e-03
   6.977592e-03
  -5.075519e-03
  -1.055131e-02
   3.952333e-03
   5.450611e-03
   5.663014e-03
  -7.025991e-03
   9.684758e-03
   1.892756e-02
  -5.699866e-03
  -4.062658e-03
   1.816026e-02
   5.782902e-03
   1.103748e-02
   4.090506e-02
  -1.154422e-02
   1.715351e-02
   2.506855e-02
   1.623919e-02
   2.781257e-02
   3.269682e-03
   1.166251e-02
   2.141505e-02
   1.966489e-02
   1.458610e-02
   3.865398e-02
   1.233126e-02
   1.010728e-02
   1.768369e-02
  -9.499900e-03
   6.800671e-03
   1.922805e-02
   4.467523e-03
   1.146885e-02
   3.554326e-03
   5.572779e-03
   1.046858e-02
   8.180204e-03
   1.429189e-02
   2.169319e-02
   1.096002e-02
   1.212725e-02
   1.735896e-04
   2.070835e-02
   3.366651e-02
   3.622700e-02
   3.522934e-02
   1.988420e-02
   9.188730e-03
  -9.471523e-03
   2.241695e-02
   1.934588e-02
   1.816022e-02
   1.454390e-02
   7.292703e-03
   6.827280e-03
   1.657252e-02
   8.551884e-02
  -1.869057e-02
   5.307349e-03
   2.845162e-02
  -1.696966e-02
   8.549250e-03
   8.434433e-03
  -2.589622e-02
   9.804852e-03
   9.745436e-03
   9.211678e-03
   2.038234e-02
   2.297335e-03
   1.037038e-02
   6.392642e-03
  -8.907909e-03
   5.722146e-03
  -7.543826e-03
   3.083303e-02
   2.633967e-02
   7.284631e-03
   4.390112e-02
  -3.827009e-03
  -6.243856e-03
  -1.869986e-02
   7.997724e-03
   2.027608e-02
   1.219214e-02
   2.106018e-02
   3.456033e-03
  -1.798478e-02
   9.003075e-03
   2.557933e-02
   1.751308e-02
   2.255944e-02
   3.824558e-02
   1.526044e-02
   1.306989e-02
  -2.226598e-02
   7.474071e-03
  -9.217508e-03
  -7.941698e-03
   4.262484e-03
  -1.468668e-02
   1.857943e-04
   1.871739e-02
   1.602254e-02
   2.565244e-02
   2.721307e-02
   3.677002e-02
   4.230977e-02
   3.357452e-02
   1.022828e-02
  -1.017432e-02
  -9.821012e-03
  -1.163729e-02
   5.131914e-02
   1.201578e-02
   1.444554e-02
   7.676737e-03
  -7.724525e-03
   1.658743e-02
   6.154871e-02
   1.184522e-02
   7.863372e-03
   3.378753e-02
   1.302862e-02
   2.430976e-02
   1.776492e-02
   3.367133e-02
   1.168845e-02
  -3.237662e-02
   1.758353e-02
   1.666431e-02
   3.046664e-02
   2.223298e-02
  -5.584867e-03
   7.974454e-03
   1.025886e-02
   4.495171e-03
   1.517226e-02
  -1.689534e-02
   3.420435e-03
   1.854506e-02
   1.283923e-02
   9.744347e-03
   1.966391e-02
   1.352059e-02
   7.931373e-03
  -2.569929e-02
   5.420559e-03
   1.179379e-02
   1.669601e-02
   9.069489e-03
   2.733268e-02
   2.230712e-02
   1.779559e-02
   9.223752e-03
   1.881893e-02
   2.819994e-02
   1.202826e-02
  -9.880066e-03
   8.385886e-03
   2.103679e-02
   1.975445e-02
  -1.035787e-02
   8.858120e-03
   1.551473e-02
   7.012367e-03
   7.158999e-03
   1.025886e-02
   7.377013e-03
   1.127463e-02
   7.251903e-03
   2.737642e-02
   1.864022e-02
   1.551905e-02
   2.153340e-02
   2.380647e-02
   1.866353e-02
   2.158858e-02
   3.690297e-02
   2.114219e-02
   5.388433e-02
   1.187188e-02
   1.717746e-02
   3.012039e-02
   4.589308e-02
   3.178812e-02
   1.038388e-02
   2.482341e-02
   3.095609e-02
   1.293866e-02
   1.650575e-02
   1.028093e-02
   5.077944e-02
   1.359902e-02
   1.177252e-02
  -1.910200e-04
  -6.180806e-03
   1.110724e-02
   6.490177e-03
   1.025886e-02
   8.817934e-03
   1.004628e-02
   7.925562e-03
   1.139357e-02
  -1.828796e-03
   9.063348e-03
   9.692044e-03
   3.022211e-02
   1.637752e-02
   2.285646e-02
   2.476048e-02
  -4.109193e-03
   3.258775e-03
   1.724934e-02
   2.199987e-02
   3.007835e-02
  -7.615932e-03
   5.045636e-03
  -2.429977e-02
   3.760956e-02
   3.984493e-02
  -7.735472e-03
   2.119947e-02
   1.326956e-02
   1.442553e-02
   2.490773e-02
  -7.834323e-03
   1.067435e-02
   1.804505e-02
   1.221651e-02
   7.497237e-03
   1.025886e-02
   9.538395e-03
   7.531723e-03
   3.010491e-03
   6.991206e-04
  -1.230670e-02
   3.243377e-02
   1.650493e-02
   2.829237e-02
  -6.232026e-03
   2.520240e-02
  -7.382217e-03
   2.627865e-02
   2.046809e-02
   3.186684e-02
   3.294919e-02
   3.018287e-02
   7.015751e-03
   1.157146e-02
  -5.611762e-03
  -4.106980e-03
   1.454587e-02
   3.405201e-03
   1.097765e-02
   8.328290e-03
  -3.125461e-02
  -4.496220e-03
   2.324263e-02
   1.061563e-02
  -1.372771e-03
   5.421870e-03
   6.459553e-03
   1.265881e-02
   3.726893e-03
   1.987143e-02
   1.898868e-02
  -5.218114e-03
  -1.046606e-02
   9.527933e-03
   1.976060e-02
  -2.427668e-02
   2.048780e-02
   4.281879e-02
  -2.868213e-03
   4.522197e-03
   1.730843e-02
   1.664472e-03
   2.115716e-02
  -7.373719e-03
   1.942887e-03
   1.573901e-02
   1.806263e-02
   1.206644e-02
   2.099268e-02
   1.933535e-02
   2.388594e-02
   7.893344e-03
   4.675492e-03
  -5.057675e-03
  -6.205354e-03
   1.712925e-03
   1.150888e-02
   1.956357e-02
   1.956357e-02
   2.159073e-02
  -2.523300e-03
   1.476781e-05
  -4.398800e-03
  -2.479969e-03
  -6.409762e-03
   6.702732e-03
   2.948515e-02
   1.071599e-02
  -1.148575e-02
   1.463799e-02
  -3.499521e-03
   1.176848e-02
   2.747829e-02
   1.160862e-02
   1.942965e-02
   9.794079e-03
   1.094326e-02
   2.721151e-02
   1.709278e-02
   6.004197e-03
   3.673769e-02
   1.312744e-02
   6.239233e-03
  -4.881402e-03
   4.517174e-04
  -8.787223e-03
   1.042959e-02
  -1.647505e-04
   9.769679e-03
   3.082669e-03
   1.737365e-02
   1.448463e-02
   2.945959e-03
  -1.289026e-02
   2.751133e-02
   2.772772e-02
   5.175187e-03
  -5.792395e-03
   1.082877e-02
   1.611724e-02
   7.725910e-03
   1.854624e-02
   3.792687e-03
  -4.855990e-03
   2.333358e-02
  -2.137926e-03
   2.016786e-03
   6.587286e-03
   2.095442e-02
   2.433650e-02
   1.776862e-02
   2.470174e-02
   1.375996e-02
  -3.827469e-03
   1.384345e-02
   1.065003e-02
   1.080000e-02
   1.476420e-02
  -9.060806e-03
  -3.689177e-03
   1.471867e-02
   1.028720e-02
   2.947472e-02
   2.182045e-02
   1.940013e-02
   2.136793e-03
  -9.949588e-05
   1.810449e-02
   9.940997e-03
   1.849654e-03
   3.505071e-03
   1.016279e-02
   1.946391e-02
   5.267860e-02
  -2.488398e-03
   2.157429e-02
   3.120583e-02
   3.915142e-02
   1.336611e-04
   2.683594e-02
   4.190547e-02
   9.243524e-03
   4.943453e-03
   9.682487e-03
   1.076880e-02
   1.006797e-02
  -2.950977e-03
   2.283806e-02
   1.567636e-02
   2.022903e-02
   1.817756e-02
   9.340984e-03
   5.064923e-03
  -7.992294e-03
   1.205417e-02
  -3.935584e-03
  -6.550481e-03
   3.845181e-03
   1.594923e-02
   4.723714e-02
   6.543317e-03
  -2.550555e-04
  -8.178873e-03
   3.162640e-02
   7.288337e-03
   1.032875e-02
   7.020004e-03
   2.365125e-02
   4.076404e-02
   2.456191e-02
   2.061274e-02
  -1.548282e-02
   1.714350e-02
   2.500787e-02
  -4.375805e-03
   3.731563e-02
   1.647582e-02
   3.628153e-02
   2.169079e-02
   2.625781e-02
  -1.318602e-02
   3.229801e-02
   1.455000e-02
  -8.502574e-03
   4.192332e-03
   1.529785e-02
  -1.601497e-03
   9.252568e-03
   4.825174e-02
   1.857897e-02
   3.639990e-03
   2.521042e-02
   5.187373e-02
  -2.313251e-03
   9.834945e-03
   1.410706e-02
   5.256120e-03
   3.596913e-02
   1.321966e-02
   2.524665e-02
   3.905289e-02
  -2.280564e-03
   1.244868e-02
   1.214429e-02
   1.852217e-02
   9.938128e-03
   1.076346e-02
   1.411943e-02
  -1.846268e-02
   1.359149e-02
   1.463229e-02
   1.114555e-02
  -1.712027e-02
   1.219448e-02
   2.466808e-02
   5.853830e-03
  -3.862147e-03
  -3.694516e-03
   9.521735e-03
  -1.233751e-03
   1.620767e-02
   1.573477e-02
   9.686081e-03
  -1.909181e-03
  -1.989438e-02
  -1.245074e-02
   3.579467e-03
   9.710775e-03
   5.008267e-02
   2.788435e-02
   1.131086e-02
   1.543645e-02
   1.200539e-02
   2.650320e-02
   2.613963e-02
   3.946702e-02
   3.486276e-02
  -7.444161e-05
  -3.399450e-02
   2.686131e-02
  -5.827064e-03
   3.067356e-03
   1.437642e-03
   2.081237e-02
   2.946232e-02
  -1.779096e-02
  -8.243120e-03
   9.039032e-03
   1.113050e-03
   2.129910e-02
   1.127132e-03
   1.030970e-02
   1.605023e-03
   1.846638e-02
   1.452300e-02
   7.878346e-05
   6.821982e-03
  -3.117480e-02
   1.651015e-02
   2.130477e-02
   3.769340e-02
   1.417474e-02
  -5.251127e-04
   3.969609e-03
  -3.805814e-03
   4.692685e-02
   2.965285e-02
   1.589207e-02
   2.417309e-02
  -1.110415e-02
   1.108889e-02
   1.204562e-02
   4.466306e-02
   1.573404e-02
   6.404146e-03
  -1.380995e-02
   1.838246e-02
   1.851655e-03
   4.410178e-02
   3.743237e-02
  -8.261651e-03
   1.004244e-02
   2.777971e-03
   1.894273e-02
   3.315819e-03
   8.153257e-03
  -1.275780e-02
   4.458787e-02
   1.478695e-02
  -7.049002e-03
   1.955611e-02
   1.009372e-02
  -6.258600e-03
   3.271263e-02
   1.889837e-02
   4.772917e-03
   3.188109e-02
   1.605097e-02
   2.152126e-02
  -2.401750e-04
   4.251927e-02
   3.308753e-02
   2.573838e-02
   1.018493e-02
   1.959481e-02
   8.801594e-03
   3.354176e-02
   1.959242e-02
  -3.562965e-03
  -1.862687e-02
   3.159980e-02
   2.008090e-02
   3.036372e-02
  -1.620511e-02
   7.932990e-03
   1.916083e-02
   1.212333e-02
   9.934263e-03
   2.212631e-02
  -2.672410e-04
   2.533751e-02
   3.300221e-02
   8.337985e-03
   5.772610e-03
   1.377279e-02
   2.324271e-02
   1.923008e-02
   3.879257e-03
   1.647825e-03
  -1.844593e-02
   4.062141e-02
   9.790083e-03
   4.363276e-03
  -5.756132e-03
   3.303874e-02
  -7.229210e-03
   1.472966e-02
   1.078306e-02
   9.236702e-03
   1.416876e-02
   2.625168e-02
   1.018032e-03
   1.224354e-02
   4.803697e-03
   5.916306e-03
  -1.370927e-02
   4.006468e-02
   1.183327e-02
  -1.214994e-03
   2.461237e-02
  -1.324639e-02
   3.465900e-02
   5.382812e-02
   4.152676e-02
   2.219533e-02
  -5.095101e-03
   3.175978e-02
   1.972192e-02
   3.089997e-02
   1.044763e-02
   3.266774e-03
   1.005414e-02
  -4.053522e-03
  -3.247274e-02
  -2.910012e-02
   4.101442e-02
   1.026205e-02
   4.000698e-02
   2.245885e-02
   1.036429e-02
   1.752657e-02
   1.893482e-02
   9.287913e-03
   5.689875e-03
   4.112798e-03
  -1.902596e-02
   1.801730e-02
   5.378750e-03
   1.414464e-02
  -6.148092e-03
   2.891655e-03
   1.132511e-02
  -9.606392e-04
   1.536611e-02
   2.605440e-02
   2.253206e-02
   9.062962e-03
  -1.361523e-02
  -9.484527e-03
  -7.014781e-03
   9.548416e-03
   1.726560e-02
  -2.871913e-03
   5.823806e-03
   1.597998e-02
   1.738824e-04
  -2.656655e-03
   7.817640e-04
  -1.416166e-02
   5.652833e-03
   3.958787e-03
   1.211376e-02
   1.777335e-02
   1.567241e-02
  -1.372472e-02
  -1.592397e-03
  -9.436302e-03
   9.934766e-03
  -1.650426e-02
   3.062327e-03
   1.309379e-02
   2.765377e-02
   9.128223e-03
   6.471320e-03
   5.034988e-03
   1.711675e-03
  -2.240671e-02
   1.792812e-02
   2.199090e-02
   4.271794e-03
   3.150889e-03
   6.104187e-02
   2.001734e-02
   1.864147e-02
   5.046123e-03
   1.028919e-02
   4.616966e-02
   1.984494e-02
   7.490444e-03
  -2.095199e-02
   1.586467e-02
   2.698291e-02
   9.239083e-03
   1.635863e-02
   2.294659e-02
   2.055916e-03
  -8.851804e-03
   1.110156e-02
   2.812654e-02
   8.570747e-03
   8.531213e-03
  -1.420594e-02
   3.996412e-03
   3.754336e-03
  -5.038526e-04
  -1.361318e-02
   1.291760e-02
   3.562573e-02
  -1.320246e-03
   4.435759e-02
   5.670073e-02
   1.612444e-02
   2.909554e-02
   7.768000e-03
   5.514022e-03
   6.093745e-03
  -5.874254e-03
  -6.414250e-04
   2.015507e-02
   2.243188e-02
   3.150908e-02
   2.810204e-02
  -1.306045e-02
  -8.029043e-03
  -1.034400e-02
   5.893408e-03
   2.124013e-02
  -1.866900e-02
   2.040163e-02
   1.766333e-02
   2.122601e-02
   3.185801e-02
   1.518612e-02
   2.895924e-03
   1.310139e-02
   3.472356e-02
   7.273795e-03
   2.315525e-02
   4.736046e-02
  -3.406735e-02
   3.225910e-02
   2.612092e-02
  -2.792372e-02
  -9.082551e-03
   1.915722e-02
   3.472354e-02
   2.011878e-02
   1.310626e-02
   1.804254e-02
   3.623646e-02
   1.494898e-03
   7.377865e-03
   6.801197e-02
   3.792484e-02
   4.829340e-02
  -4.688071e-03
  -1.416066e-02
  -3.681137e-03
   7.447672e-03
   2.339988e-02
   3.359334e-02
   2.154330e-02
   7.256160e-03
   1.955708e-02
   9.587165e-03
  -2.497865e-03
  -1.686636e-02
   7.079908e-03
   1.589515e-02
   2.356821e-02
   3.858631e-02
  -3.932941e-03
  -1.354447e-02
   1.296274e-02
  -1.140791e-02
   4.554498e-02
   2.189233e-02
   2.742284e-02
   1.922903e-02
   2.372411e-02
   2.870167e-02
   2.684156e-02
   1.558654e-02
   8.446736e-03
   1.906667e-02
  -2.702975e-03
   4.601012e-02
   3.253877e-03
   1.983570e-02
   2.470555e-02
  -1.116818e-02
   1.179067e-02
   1.537838e-02
   1.358719e-02
   5.188237e-03
  -9.406746e-05
   6.103325e-03
   3.276133e-02
  -1.029302e-02
   6.693318e-03
   1.068886e-03
   1.049642e-02
   6.852151e-03
  -4.178130e-04
   2.226804e-03
   6.159280e-03
   9.221288e-03
  -6.447297e-03
   7.668451e-02
   2.565263e-02
   1.014549e-02
   3.385946e-02
   4.285979e-03
   1.146576e-02
  -4.677726e-03
   4.856521e-03
  -2.620697e-02
   3.929572e-02
   2.809538e-02
   3.565218e-03
   3.065270e-02
  -1.034798e-03
   6.663652e-03
  -1.837005e-02
   1.890001e-02
   6.096056e-03
  -5.278638e-03
  -3.122491e-02
  -9.155668e-03
   4.152953e-03
   5.325919e-03
   3.778585e-03
   3.155224e-03
   2.077993e-02
   4.474187e-02
   1.645813e-02
   1.536829e-02
   2.262932e-04
   1.733847e-02
   3.102543e-02
  -1.899652e-02
  -1.550300e-03
   1.044592e-02
  -1.046447e-02
  -7.983172e-03
   1.941323e-02
   2.027457e-02
   2.812256e-02
   1.136123e-02
   1.575272e-02
  -1.457827e-02
   4.225693e-02
   1.485415e-03
  -2.222550e-02
  -5.455312e-03
   4.431562e-03
   2.855348e-02
  -2.824332e-03
   2.353002e-02
   1.621462e-03
   2.043701e-02
   8.286148e-03
   9.737244e-03
   8.638518e-04
   4.618201e-03
   2.472620e-02
   2.350487e-02
   2.136267e-02
   4.225509e-02
   1.678467e-02
   2.888086e-02
   1.451876e-02
  -1.635002e-02
  -8.563437e-03
   1.307018e-02
  -1.187536e-02
   2.152678e-02
   2.289056e-02
   3.824023e-02
   1.230811e-02
   2.777661e-02
   2.337908e-02
   2.354313e-02
   5.183657e-02
   5.455892e-03
  -6.727830e-03
   3.157086e-02
  -9.969607e-03
   7.261070e-03
  -1.505537e-02
   2.174088e-02
  -6.256270e-03
   1.923347e-03
  -8.410702e-03
   1.559966e-02
   1.221371e-03
   1.578890e-03
   4.136469e-02
   3.188732e-03
   4.758477e-03
   1.426333e-02
  -4.223570e-03
   3.681030e-03
   3.153668e-03
  -8.738785e-03
   3.171424e-02
  -7.646316e-03
   1.585886e-02
   6.020647e-02
   1.186713e-02
   1.525360e-02
  -2.957723e-02
   5.987309e-03
   2.644386e-02
   1.523730e-02
  -3.744183e-03
   1.263248e-02
   2.726850e-02
   1.740138e-02
   1.268436e-02
   3.087651e-02
   2.774042e-02
   1.901760e-02
   2.621171e-02
   6.135827e-03
   2.404266e-02
   2.191586e-02
   9.877354e-03
  -5.575224e-03
   1.789123e-02
   1.564087e-03
   1.584922e-02
   1.505628e-02
   2.434979e-04
   1.184088e-02
   2.567789e-03
  -1.529698e-02
   9.933600e-03
   4.012203e-02
   1.442125e-02
  -1.809237e-02
  -1.261263e-02
   9.675807e-03
  -2.701657e-03
   2.615563e-02
   3.085310e-02
   1.470637e-02
  -2.673484e-02
  -6.665406e-03
  -9.050114e-03
  -1.918207e-03
   9.557776e-03
  -6.206033e-04
   4.192440e-02
   6.077943e-02
   2.250377e-02
  -2.763440e-02
   7.538983e-03
   1.814000e-02
   3.398591e-02
   6.381258e-03
  -1.284155e-02
  -1.638770e-02
   4.122510e-02
   1.246068e-02
  -1.010221e-02
   3.159811e-02
   1.057358e-02
  -7.214347e-03
  -1.680489e-02
   1.855010e-02
   5.284841e-02
   2.395912e-02
  -9.458510e-03
   1.104560e-02
   3.829933e-02
   1.510119e-02
   7.974226e-03
   1.061599e-02
   1.040862e-02
   2.078858e-02
  -3.063064e-03
  -9.718379e-03
  -7.276876e-03
  -1.015645e-02
   7.912760e-03
   5.855111e-03
   3.065832e-02
  -9.085458e-03
   1.560768e-02
   1.687384e-02
  -1.048063e-02
   9.955892e-03
  -3.065270e-02
   3.364812e-02
   7.063202e-02
   3.663569e-03
  -1.023134e-02
  -3.025800e-02
   4.663529e-04
   1.419197e-02
   4.439216e-02
  -1.965153e-03
   3.666840e-04
   7.888051e-03
  -6.616543e-04
   5.665764e-03
  -9.325164e-03
  -1.915140e-02
  -2.467336e-02
   1.547946e-02
   4.719272e-03
  -9.664399e-03
   2.360511e-02
   1.433882e-03
  -1.879045e-02
   2.965324e-02
   4.875679e-02
   1.752272e-02
  -2.235187e-02
   1.584761e-02
   1.963843e-02
   1.939948e-02
  -1.776692e-02
   1.798958e-02
  -4.217069e-04
  -1.253848e-02
   1.069694e-02
   2.186684e-02
  -4.756111e-03
  -1.320006e-02
   2.812245e-02
   1.912370e-02
  -7.574826e-03
   4.584615e-04
  -2.017243e-02
  -1.224395e-02
  -3.757754e-02
  -4.876809e-03
   1.549303e-02
  -3.166621e-02
  -1.053626e-03
   7.212916e-03
   1.105159e-02
   7.140462e-03
   4.035288e-02
   4.806409e-02
   8.210741e-03
   5.602600e-03
   7.268600e-03
   3.577180e-03
   1.836159e-02
   2.055640e-02
   2.746000e-02
   2.168618e-02
  -1.700787e-02
  -8.128592e-03
   2.351478e-02
  -2.371316e-02
   2.155784e-03
  -1.085750e-03
   2.539157e-02
  -2.490550e-02
  -5.506612e-03
   5.482257e-03
   2.829686e-03
   4.882502e-03
  -6.020108e-03
   8.860984e-04
  -1.559387e-02
  -1.009017e-02
  -3.971393e-02
   8.128818e-03
  -1.791428e-03
   3.374396e-03
   2.513373e-02
   2.934289e-02
   2.641921e-02
  -1.964693e-02
   3.050726e-02
  -2.272219e-02
  -1.067783e-03
   3.870089e-03
   1.453986e-02
   9.411659e-03
   1.078960e-02
  -1.894374e-03
  -2.589697e-02
  -1.022419e-02
  -9.585125e-03
  -9.513875e-03
   3.645024e-03
   1.995040e-02
   4.074899e-03
   7.813686e-04
   1.127749e-02
   2.484849e-02
   5.778572e-02
  -3.002822e-02
   2.832929e-03
   2.059783e-02
  -7.525445e-03
  -1.462344e-02
   1.222911e-02
   3.324741e-02
  -1.244948e-02
  -1.705763e-02
   3.917924e-03
  -1.945180e-02
   1.243812e-02
   1.405984e-03
   1.881624e-02
   4.786020e-02
   9.638826e-03
   9.100872e-03
   2.138789e-02
  -6.861279e-03
   8.181094e-03
  -1.187149e-02
  -1.159152e-02
   2.713934e-03
   2.562391e-03
   4.756658e-03
   1.987790e-03
   8.658765e-03
   1.504765e-03
   1.267859e-02
   2.708854e-02
   3.405511e-03
   2.886311e-03
  -2.289591e-03
   2.027313e-02
   1.554776e-02
  -2.048230e-02
  -1.903351e-02
  -2.199480e-02
   5.993103e-03
  -1.456429e-02
   2.742976e-02
   2.359728e-02
  -2.252579e-02
   1.405298e-02
   1.424858e-02
  -2.805550e-03
   1.787570e-02
  -4.331952e-03
   1.271481e-02
   1.879311e-02
   2.740680e-02
   1.169289e-02
  -4.812380e-04
  -7.764760e-03
  -3.938003e-03
   1.236410e-02
  -1.086639e-02
   4.073112e-03
   1.119211e-02
  -8.254629e-03
  -3.746076e-02
   1.673264e-05
  -4.120130e-02
   4.024444e-02
   7.808217e-03
  -1.157377e-02
   9.147338e-03
   1.090118e-02
   3.375708e-03
   2.716298e-02
   2.728409e-02
   4.354297e-02
   5.808426e-02
   1.376285e-02
  -1.292190e-03
   4.635907e-03
  -4.539023e-04
  -1.127588e-02
   2.920016e-03
  -1.151913e-02
  -2.519904e-02
   1.366296e-02
   3.344906e-02
   1.166488e-02
   9.233336e-03
  -7.407941e-03
  -7.051122e-03
  -5.425952e-03
   3.436640e-02
  -1.368878e-02
   4.324422e-03
  -6.513185e-03
  -1.560935e-02
   4.102504e-03
   4.274198e-02
   7.146593e-03
   4.851792e-03
   8.653374e-03
   2.171419e-02
  -1.140172e-02
  -5.527811e-03
   1.536189e-02
   8.616765e-03
   1.558148e-02
   1.526611e-02
   9.349266e-03
  -1.041728e-03
   2.433565e-03
   3.706517e-03
  -9.766910e-03
  -4.110025e-03
  -1.062884e-02
   7.155472e-03
   1.082533e-02
   3.472485e-02
   8.509447e-03
   1.418072e-02
  -7.407941e-03
  -7.229531e-03
  -6.327742e-03
   1.244879e-02
   9.307712e-03
   1.546994e-02
  -8.100372e-03
  -1.150377e-02
   2.683519e-04
   2.150516e-02
   1.624466e-02
   2.664542e-02
   1.962129e-02
  -2.254958e-03
   1.618273e-02
  -1.205542e-02
  -3.791100e-03
  -1.079592e-02
  -5.099944e-03
   8.370926e-03
   9.409828e-03
   1.340517e-02
   4.927249e-04
  -5.905539e-03
   3.387759e-02
  -1.477739e-02
   2.111893e-02
  -2.295356e-02
  -1.224196e-02
  -1.274639e-02
  -2.086139e-02
   2.479938e-02
  -7.407941e-03
  -7.318736e-03
  -6.823239e-03
  -4.115715e-03
  -1.772562e-02
   4.185807e-03
  -2.985448e-02
  -1.020648e-03
   8.206319e-03
   9.521030e-03
   9.681461e-03
   2.850667e-02
  -9.633784e-03
   8.615353e-02
   3.060688e-02
   2.544251e-02
  -7.674951e-03
   1.003092e-02
   1.906199e-02
   1.390771e-02
  -9.503256e-03
   3.184741e-02
  -7.962298e-03
   1.274569e-02
   1.942610e-02
   2.359824e-03
  -1.022727e-02
   7.043706e-04
   1.170426e-02
  -2.380803e-02
  -1.566451e-02
  -2.324108e-03
  -7.407941e-03
  -7.363339e-03
  -6.183122e-03
  -4.362789e-03
  -9.802249e-03
  -7.318335e-03
  -1.938768e-02
   3.566565e-03
   6.127162e-03
  -1.308824e-03
  -3.190975e-02
   1.595323e-03
  -8.445447e-03
   2.411895e-02
  -5.351230e-03
   5.827328e-02
  -2.880087e-02
   5.237978e-03
   2.952517e-02
   2.046645e-02
   1.796647e-02
   3.618006e-02
   1.410888e-02
   1.283653e-02
   1.165501e-02
   1.501786e-02
   6.351721e-03
   2.173832e-03
   2.359865e-02
   1.650479e-02
   4.201396e-04
  -9.519842e-04
   9.197094e-04
   9.621589e-03
   3.477904e-02
   4.642671e-03
   4.794023e-03
   2.343555e-02
  -2.217862e-03
   1.037621e-02
   1.487265e-02
   3.853185e-02
  -2.519557e-02
   3.934764e-02
   4.303856e-02
   1.719536e-02
  -1.949040e-02
   1.565908e-02
   2.625610e-02
   2.345014e-02
   2.917558e-02
   4.169678e-02
   3.084529e-02
   5.687967e-03
   2.704622e-02
   1.758019e-02
   7.777484e-03
   2.888220e-02
   1.145188e-02
   1.927465e-02
   1.746813e-02
   1.489207e-02
   1.202528e-02
   1.202528e-02
  -7.782170e-03
  -2.233872e-02
   8.153375e-03
   6.656016e-03
   4.641649e-03
  -1.220426e-02
  -7.642288e-04
   1.947588e-02
   9.282420e-03
  -2.370414e-02
   1.425990e-02
   1.859993e-02
   2.801827e-04
   1.446374e-02
   6.746538e-03
   1.858159e-03
   3.346047e-02
  -4.346638e-03
   2.237983e-02
   1.553881e-02
  -1.746020e-02
  -1.006343e-02
   5.787051e-02
  -7.968353e-03
  -2.312993e-02
   1.287239e-02
   2.630975e-02
   3.562775e-02
   1.823766e-02
  -4.431766e-03
   9.467856e-03
   1.980307e-02
   1.300206e-02
  -1.415308e-02
   1.351717e-02
  -1.481695e-02
   1.569503e-02
  -1.539965e-03
  -8.110665e-03
   7.078425e-03
  -6.704560e-03
  -3.900164e-03
   1.870821e-02
   1.383971e-03
   3.072269e-02
  -3.808878e-02
   3.015465e-02
  -5.562883e-03
   1.909695e-02
   2.420087e-02
   1.975704e-02
   2.149378e-02
   1.743849e-02
   2.727519e-02
   2.677736e-02
   2.721450e-02
   1.135698e-02
   1.942754e-02
  -1.068650e-03
   2.666340e-03
   3.168238e-02
   1.467292e-02
  -1.357851e-02
   3.791608e-02
  -7.840615e-05
   3.230571e-02
   1.899135e-02
   1.115118e-02
   1.538657e-02
   1.084127e-02
   8.654210e-03
   2.365305e-02
  -1.517682e-02
   4.906327e-03
   1.734140e-02
  -3.356034e-02
   1.385565e-02
   4.567090e-03
   1.925182e-02
   1.712041e-02
   2.154063e-02
  -1.224425e-03
   1.451776e-02
   3.324079e-02
   1.348334e-02
  -5.268515e-03
  -3.290424e-03
  -1.852833e-02
   2.191582e-02
  -1.334600e-02
   7.971056e-03
   2.124043e-02
  -1.547596e-02
   3.646633e-03
   2.941417e-02
  -1.789868e-03
  -5.596652e-03
   1.205890e-02
   1.930648e-02
   2.686918e-02
  -3.696843e-04
   1.867721e-02
   8.233187e-03
  -4.454235e-02
   3.911390e-02
   2.136090e-02
   2.707590e-02
   6.553233e-03
   1.303340e-02
   2.324967e-02
   1.076515e-02
  -1.303403e-02
  -1.464626e-02
  -5.977643e-03
  -2.062242e-03
   4.069581e-03
  -7.228642e-03
  -8.076742e-03
  -1.614222e-02
  -9.489484e-03
  -1.960744e-02
   5.477518e-03
   2.505845e-02
  -2.286681e-02
  -2.146868e-03
  -1.402460e-02
  -2.038282e-02
  -6.973051e-03
  -8.437545e-03
  -7.791966e-03
   1.560127e-02
   3.528931e-02
   1.825032e-02
   3.686900e-02
   7.558971e-03
   3.425362e-02
   3.319830e-02
   2.067933e-02
   3.299537e-02
   2.614414e-02
   8.475063e-03
  -8.577814e-03
   1.359314e-02
  -8.448233e-03
  -4.660109e-03
  -9.093314e-04
   1.684860e-02
  -3.364008e-02
  -2.076101e-02
  -3.667593e-03
   9.682374e-03
  -1.372485e-02
  -1.283074e-02
  -9.254999e-03
  -4.353347e-02
  -5.731717e-03
   1.326243e-03
  -3.721282e-03
   3.138177e-02
  -8.056167e-03
   5.075001e-03
   2.028354e-03
   7.787294e-03
   8.479364e-03
   1.212669e-03
  -8.636805e-03
   7.697122e-03
  -6.758430e-03
   3.874636e-02
   1.064880e-02
   2.869427e-02
   5.105029e-02
  -9.600122e-03
   1.446316e-02
   5.713865e-02
   1.926819e-02
   9.114167e-03
  -9.848169e-03
   4.777547e-03
  -2.072716e-03
  -3.850773e-02
   2.345656e-02
   2.070965e-02
   2.899002e-02
  -8.735660e-03
  -1.449564e-02
   1.610328e-03
  -2.749185e-03
  -1.655670e-02
  -4.737906e-02
   1.897776e-02
   2.854375e-02
   2.189077e-02
   8.802026e-03
   5.040185e-03
   5.357209e-03
  -6.908321e-03
   4.563700e-02
   3.862475e-02
   1.124693e-02
   2.317511e-02
   1.953203e-02
   2.008261e-02
   1.226721e-02
   3.417505e-03
   3.054491e-02
  -1.374093e-02
   6.917572e-03
   1.522545e-02
  -2.858651e-03
   1.418248e-02
  -3.178250e-02
   9.768446e-03
   1.457453e-02
   1.448332e-02
  -1.890649e-02
  -2.112065e-02
  -4.621189e-03
  -2.241522e-02
  -1.547578e-02
  -1.742478e-02
   2.046958e-02
   2.424081e-03
   1.506228e-02
   2.555272e-02
   1.298762e-02
  -4.495807e-03
   2.766936e-02
   1.783888e-02
   3.974157e-02
   5.574883e-02
   2.717673e-02
   1.669802e-02
   7.184715e-03
   3.063539e-02
   4.722086e-03
  -1.954197e-02
   2.311507e-02
  -8.555758e-03
   2.712548e-03
   1.106335e-02
   4.489149e-02
  -2.385557e-02
  -2.926726e-02
  -3.794095e-02
   7.144975e-04
   4.155557e-02
  -4.470007e-02
  -4.120751e-04
   2.615493e-02
  -9.996315e-04
  -9.109528e-03
  -1.655889e-03
   2.498656e-02
  -1.957591e-02
  -5.553585e-03
   1.040131e-02
   8.778617e-03
   1.541436e-02
  -9.218470e-03
   2.463556e-02
   2.266761e-02
   2.211571e-02
   4.220136e-03
   9.255542e-03
   1.799538e-02
   2.431539e-02
   4.575936e-03
  -5.172692e-02
  -2.257201e-03
  -2.517650e-02
   1.425024e-03
   1.465565e-02
   1.483702e-02
  -1.639342e-02
  -3.216370e-02
  -9.432404e-02
  -1.533116e-02
   1.107861e-02
   9.768826e-04
  -2.363433e-03
  -2.230602e-02
   4.137309e-02
   1.991752e-04
   1.026399e-03
  -2.652603e-03
  -1.673871e-02
   2.202391e-02
  -2.474679e-02
  -1.711756e-02
  -4.295284e-04
  -8.731120e-03
   7.330163e-03
   4.177622e-03
   2.808264e-02
   7.487853e-03
   5.657103e-02
  -1.219342e-02
   2.840659e-02
   4.099320e-02
   1.778106e-02
  -6.877723e-05
   4.429280e-02
   8.831595e-03
   2.032974e-02
   1.619435e-02
  -1.027990e-02
  -4.817907e-02
  -2.355520e-02
   1.020595e-02
   1.711314e-02
   6.196508e-03
  -4.648364e-02
  -2.535015e-02
   2.344273e-03
  -3.166604e-02
   8.214913e-03
   2.803039e-02
  -3.171309e-03
  -1.612104e-02
   2.441909e-02
  -4.111640e-03
   6.883879e-03
  -9.236202e-04
   3.949134e-03
  -1.814728e-02
   1.170039e-02
   3.039946e-02
   2.820070e-02
   2.283804e-02
   6.051118e-02
   4.619919e-02
  -2.053863e-03
   2.133412e-02
   2.364483e-02
   1.544658e-02
   5.122344e-04
  -3.082891e-02
  -3.034539e-02
   8.898479e-03
  -6.794828e-03
  -8.990930e-03
  -9.130138e-04
  -8.018538e-03
   8.240216e-03
  -3.495521e-02
  -1.488931e-02
  -1.529086e-02
   7.983681e-03
   1.094670e-02
  -7.855872e-03
   3.824657e-02
  -5.120271e-03
  -5.708035e-03
   2.519281e-02
   5.754987e-03
   2.753727e-02
  -2.017838e-02
   4.700280e-02
   2.336385e-02
   3.081949e-02
   4.146000e-02
   4.224957e-03
   5.632218e-02
   2.713416e-02
   2.012027e-02
   5.307553e-03
   1.386332e-02
  -2.898479e-03
   1.729833e-02
  -3.745820e-02
  -5.301669e-02
  -7.695936e-03
  -1.743496e-03
  -3.755724e-03
  -3.915365e-02
  -1.142385e-02
   1.188306e-03
  -1.165547e-02
  -5.128321e-03
   5.992372e-03
  -1.071366e-02
   1.629704e-02
   8.388916e-03
   2.438048e-02
  -3.879303e-02
   4.577520e-02
  -2.878651e-02
   1.833305e-03
  -9.187433e-03
   1.653743e-02
  -1.476634e-02
  -1.268493e-02
   2.251550e-02
   2.229773e-02
   2.713915e-02
   2.699285e-02
   2.670524e-02
  -1.874744e-02
   7.857437e-03
   2.977082e-02
   1.692769e-02
   2.429050e-02
  -2.789065e-02
  -1.765852e-02
   1.346861e-02
  -1.190183e-02
  -1.109815e-02
  -2.959244e-02
   1.658868e-02
  -1.650043e-03
   3.882930e-03
   2.766573e-02
  -3.677629e-03
  -5.738639e-03
  -2.937687e-02
   2.840372e-04
  -4.058886e-03
   8.578678e-03
   1.816644e-02
  -1.098494e-02
   3.669685e-02
  -4.989417e-02
   1.991369e-02
   1.488596e-02
   1.487487e-02
   2.461237e-02
   2.587576e-02
   2.643430e-02
   1.533439e-02
   2.144558e-02
  -8.571111e-03
  -7.425129e-03
  -3.648912e-03
   3.492342e-02
  -1.527354e-02
  -2.611863e-02
  -4.788619e-02
  -4.622205e-02
  -1.108037e-02
   8.167125e-03
   8.328253e-03
   1.344853e-02
  -5.355652e-03
   1.115504e-02
   6.823002e-03
  -6.197101e-03
  -1.691939e-02
   2.391321e-02
  -5.298704e-03
   2.950347e-04
   2.166999e-02
  -1.126598e-02
   1.922582e-02
   5.820183e-02
   8.628963e-03
   1.108419e-02
  -2.514352e-03
   1.060811e-02
   1.107411e-02
   1.503261e-02
  -1.324755e-02
   1.579509e-03
  -3.459497e-03
   3.341208e-03
   6.071808e-03
  -2.926773e-02
  -4.481329e-02
   1.095713e-02
  -2.110182e-02
  -2.510621e-02
   4.831583e-03
   1.277749e-02
  -1.768783e-02
   9.062035e-03
   3.089632e-03
   1.678748e-02
   2.601170e-02
   8.775396e-03
  -4.671194e-03
   5.082278e-03
  -5.193136e-03
   1.532188e-03
   9.494666e-03
   2.770690e-02
   2.392280e-02
   1.936545e-02
   1.329396e-02
   1.153826e-02
  -7.422315e-03
   9.726301e-03
  -3.261548e-03
   3.586956e-02
   7.753097e-03
  -2.141659e-03
  -3.655633e-02
   8.206901e-03
   2.748848e-02
  -2.133073e-03
  -1.654717e-02
  -4.744060e-02
   3.105219e-02
   1.451916e-02
   9.709282e-03
  -2.319464e-02
  -1.879858e-02
  -7.055072e-03
   5.562511e-03
   2.689356e-02
  -7.050882e-03
  -8.956780e-03
   3.875892e-02
   6.116311e-03
   6.634929e-03
  -5.612234e-03
  -4.987429e-02
   1.368039e-02
   1.661351e-02
  -1.795679e-02
   7.541208e-03
   2.899117e-02
   5.225747e-02
   8.264324e-03
   4.960669e-02
   1.389157e-02
  -1.530500e-03
   1.865708e-02
  -1.007655e-03
   1.750594e-02
   1.134306e-02
  -2.373027e-03
  -3.887805e-02
   1.460124e-02
  -8.788588e-03
   1.867740e-03
   2.277496e-02
   1.657029e-02
   1.356747e-02
  -2.404626e-02
   4.574761e-03
  -1.167045e-02
  -5.165553e-02
   2.089976e-03
   1.212266e-02
   7.150344e-03
   1.898161e-02
   1.925823e-02
   6.281863e-04
   3.675027e-02
  -7.120809e-03
   1.702691e-03
   5.836492e-03
   1.037314e-02
  -3.708228e-03
  -1.811001e-02
   2.948806e-02
   3.510661e-02
   5.795550e-02
   4.121467e-02
  -3.637315e-03
   7.354696e-03
   2.750854e-03
   4.945306e-03
  -1.254692e-02
  -4.008203e-03
  -3.375561e-02
  -2.210063e-02
  -2.716339e-02
   2.801399e-02
   3.675405e-03
  -1.943499e-03
   1.200647e-02
  -2.649458e-02
  -1.906229e-02
   2.096323e-02
  -4.480923e-03
   2.167326e-03
  -2.815692e-03
   1.415811e-04
  -3.621472e-03
  -2.217005e-03
   5.571352e-03
   2.605187e-02
   1.667531e-02
   1.720946e-02
   2.457992e-02
  -1.496690e-02
   1.289564e-02
   3.857586e-03
  -1.030676e-02
   5.653926e-03
   1.239780e-02
   4.947784e-04
  -2.649905e-02
   3.195032e-02
   1.245549e-02
  -8.113186e-03
  -1.645874e-03
  -4.098395e-02
  -6.188862e-03
   4.010377e-02
  -2.069810e-02
  -2.731059e-02
   2.406319e-04
   1.787485e-02
  -2.070650e-04
  -8.733461e-03
  -5.100301e-02
   1.604848e-02
   3.489025e-02
   1.759631e-02
   1.506777e-02
   1.047829e-02
   8.024823e-03
   1.065253e-02
   2.239587e-03
   7.617431e-03
   1.485562e-02
   3.915783e-04
   2.043192e-02
   4.916547e-02
   5.472434e-02
  -2.374875e-02
  -2.281036e-02
   3.814335e-02
   1.109840e-02
   6.034719e-03
   3.853176e-02
  -1.100621e-02
   2.580100e-02
   2.550628e-02
   3.288115e-03
   5.582362e-03
   1.652343e-02
  -1.403277e-02
  -9.175881e-04
   6.994177e-03
   9.092641e-03
  -1.374856e-04
   6.961304e-03
   1.108788e-02
   1.336353e-02
   1.351761e-02
   3.122848e-02
   1.858412e-02
   9.610029e-03
  -2.119107e-03
  -2.060908e-02
  -3.834942e-03
  -2.828808e-03
  -1.875433e-02
   6.670568e-03
   1.727480e-02
   2.393861e-02
   4.753672e-02
   1.901607e-03
  -1.860678e-03
   1.191440e-02
   1.018101e-02
   3.638251e-02
   4.160308e-03
   1.552127e-02
   1.665287e-03
   1.627019e-02
   1.067917e-02
  -7.824701e-04
  -3.058322e-03
   3.430685e-02
   1.926804e-03
   8.499376e-03
  -7.870425e-03
  -4.545609e-04
   1.636695e-03
  -6.041618e-03
   3.456202e-02
   1.998559e-02
   1.159881e-02
   1.395028e-02
   1.970603e-02
   3.140564e-02
   1.434840e-02
   1.131950e-02
   2.021590e-02
   7.729880e-03
   4.566031e-02
   1.556036e-02
  -2.291784e-02
  -1.525925e-02
   4.025465e-02
   2.650547e-02
  -1.360758e-02
  -1.070338e-02
  -2.179435e-03
   1.978303e-02
   4.657934e-02
   1.890282e-02
   2.164660e-02
   6.952571e-02
   1.021023e-02
  -5.878567e-03
  -6.828433e-03
   3.894619e-03
  -6.071779e-03
   3.058011e-03
  -1.018828e-02
   2.986577e-02
   2.948741e-02
   5.376626e-02
   2.009896e-03
   2.032705e-02
   5.811418e-02
   2.456255e-02
   4.750569e-03
   1.354249e-02
   1.276528e-02
   2.965495e-02
   2.918608e-02
   2.172697e-02
  -2.084542e-03
   2.616169e-03
   1.548445e-02
   2.337153e-02
  -1.551448e-02
  -1.310893e-02
  -5.682981e-03
  -1.279306e-02
  -1.671397e-02
   3.418013e-03
   3.403845e-02
   2.891686e-02
  -4.545518e-03
  -2.520120e-02
   8.656722e-03
  -5.627300e-04
  -1.423953e-02
   1.570037e-02
   8.523200e-03
  -1.626724e-02
  -2.443872e-04
   5.533617e-02
   9.922458e-03
  -6.510967e-03
   6.625654e-03
   2.863026e-02
   1.751791e-03
   1.389802e-04
  -1.487734e-02
  -1.021370e-02
   2.051842e-02
   4.424598e-02
   9.129636e-03
  -1.477253e-02
   1.363894e-02
   3.891946e-02
   5.102372e-03
   2.974854e-03
   5.349501e-03
  -2.327863e-02
   9.839956e-03
   3.005160e-02
  -4.683245e-03
   1.664880e-02
   7.714779e-03
  -9.579845e-03
   5.129940e-03
   9.182033e-04
   3.081059e-03
   2.304252e-03
   1.391228e-02
   7.934364e-03
   3.131680e-02
   3.526041e-02
   1.179137e-02
   1.644377e-03
   3.060676e-02
   1.631245e-02
   7.229964e-03
   6.991198e-03
   1.360465e-02
   3.064938e-02
   2.561066e-02
   1.833847e-02
   4.128626e-03
  -5.524611e-03
  -2.661814e-02
  -2.440848e-03
  -8.097865e-03
   1.455648e-02
   3.713638e-04
   2.376191e-02
   1.789859e-02
  -1.099450e-02
   1.275584e-02
  -2.386618e-03
  -1.500495e-03
  -1.125311e-02
   1.631294e-02
  -1.812600e-03
   2.334131e-02
  -1.075501e-02
   8.343952e-03
   2.775625e-03
   1.163511e-02
   1.912825e-02
   3.382181e-04
   2.494485e-02
   5.121548e-02
  -1.217172e-03
   3.134818e-02
   6.076057e-03
  -2.812338e-02
   5.764724e-03
   1.476818e-02
   4.667051e-02
  -5.428991e-03
  -1.693188e-03
   5.874037e-03
   9.317612e-03
   3.488163e-02
   1.061724e-02
  -1.383021e-02
  -4.627637e-03
   2.563230e-02
   9.606488e-03
   3.423994e-02
  -8.694893e-03
  -1.517048e-02
   1.409479e-02
   1.017066e-02
   1.561078e-02
   2.136611e-02
   2.423626e-02
   1.241100e-02
   1.647804e-02
  -6.680249e-03
   2.043226e-02
   1.242004e-03
   4.658130e-02
   4.461300e-02
   3.604221e-02
   5.428617e-03
   1.408823e-02
   3.070599e-02
   1.906328e-02
  -1.265650e-03
   1.114708e-02
  -1.869871e-02
   2.861458e-03
   8.238625e-03
  -1.044368e-03
   1.911161e-02
  -2.832914e-03
  -1.255439e-02
   6.279082e-03
   2.042758e-02
   2.659864e-02
   6.283916e-03
  -2.056539e-02
  -1.896542e-03
   1.090107e-02
  -5.335891e-03
  -5.900762e-03
   2.227610e-02
  -1.254595e-02
   1.040125e-02
   8.391500e-03
   3.461219e-03
   8.221812e-03
  -2.568795e-02
   1.448913e-02
   1.685865e-02
  -8.526186e-03
   1.564065e-02
   2.067978e-02
   1.780134e-02
   4.104807e-02
   1.793947e-02
   1.788219e-02
   1.088930e-02
   2.359911e-02
   3.483210e-02
   1.582649e-02
   2.315389e-02
   3.264551e-02
   1.356365e-02
   2.187077e-02
   1.680815e-02
   8.126082e-03
   4.919283e-02
  -5.649569e-03
   1.602514e-02
   7.512355e-04
   2.399871e-03
  -1.903863e-04
   2.999225e-03
  -1.062076e-03
   1.040125e-02
   9.396374e-03
   6.428796e-03
  -1.719923e-03
  -1.981038e-02
   2.257403e-02
   1.890839e-02
   1.407064e-02
   9.396312e-03
   1.503805e-02
   2.431082e-02
   6.345962e-02
   1.409326e-02
   1.526752e-02
   4.826313e-02
  -1.199347e-03
   1.071307e-02
   1.447805e-02
   2.503194e-02
   1.661662e-02
   1.229272e-02
   1.496733e-02
   1.144146e-02
   2.581104e-02
  -2.154437e-03
  -1.617169e-02
  -2.660168e-02
   1.807620e-02
   1.437452e-02
  -1.220738e-04
  -1.308804e-02
   6.360497e-03
   1.040125e-02
   9.898811e-03
   8.163804e-03
   1.287359e-02
   2.699538e-02
  -3.365747e-02
   2.213027e-02
  -1.312735e-02
  -1.522350e-03
   9.163403e-03
   9.442600e-04
  -5.173899e-03
  -1.202375e-02
   8.631311e-03
   2.757938e-02
   2.294102e-02
  -5.258506e-03
   2.072506e-02
   3.919108e-02
  -3.503697e-03
  -7.428520e-03
   1.073851e-02
  -1.182066e-02
   9.193059e-03
  -1.375286e-04
   1.500737e-02
   4.223369e-02
  -1.588821e-02
  -6.842285e-03
  -1.660142e-02
  -8.818592e-03
   3.233685e-03
   1.040125e-02
   1.015003e-02
   1.212298e-02
   1.805510e-02
   2.063147e-02
   1.684393e-02
  -1.277882e-02
  -2.242596e-02
   1.301706e-02
   2.219366e-02
   2.430597e-03
   8.041625e-03
   6.447624e-04
   1.325271e-02
   3.048206e-02
   1.659154e-02
   2.678472e-02
  -1.409341e-02
   1.471326e-02
   1.108194e-02
   2.203627e-02
   3.990542e-02
   1.404238e-02
   5.261410e-03
  -7.451208e-03
   3.410501e-02
   3.217876e-03
   3.160863e-02
   8.077907e-03
   9.980394e-03
   5.809013e-04
   1.907293e-03
   2.287065e-02
   3.111005e-02
   1.878224e-02
   3.840157e-02
   2.336492e-02
   2.215461e-02
   1.345010e-02
   1.187632e-02
   1.084954e-02
   2.695974e-02
  -4.676969e-03
   1.783996e-02
   2.175633e-02
   1.230872e-02
   1.210662e-02
  -1.368317e-03
   1.594863e-02
   1.790006e-03
   1.275283e-02
   2.615406e-03
   3.210174e-02
  -6.516277e-03
   5.067504e-03
   9.222577e-03
   1.161465e-02
   2.195564e-02
   5.412815e-03
   2.310905e-02
   1.227667e-02
   2.585308e-03
   1.178197e-02
   1.178197e-02
   1.463124e-02
   1.126007e-02
   1.381580e-02
   1.881376e-02
   8.549876e-04
   3.372282e-02
   2.584809e-02
   3.992274e-02
   9.846868e-03
  -6.436937e-03
   8.743945e-03
   1.991614e-02
   2.657782e-02
   1.499977e-02
   7.158550e-03
   1.526079e-04
   2.099433e-02
   8.639308e-03
   3.385309e-02
   8.188986e-03
  -1.190153e-02
  -2.928976e-03
   1.249621e-02
   3.263303e-03
   3.665721e-03
   9.518739e-03
   1.628409e-02
   2.826072e-03
   1.113566e-02
   6.823456e-03
   2.668660e-02
   8.286571e-03
   1.480241e-02
   1.077441e-02
   6.407129e-03
  -4.893425e-03
   1.368997e-02
   2.123649e-02
   1.629669e-02
   1.909385e-02
   6.176891e-03
   6.684496e-03
   2.031353e-02
   1.271513e-02
   2.677759e-03
   6.073113e-02
   1.375202e-03
   1.924466e-02
   2.107653e-02
   1.013402e-02
  -2.782611e-03
   5.007085e-03
  -1.767731e-02
   3.415377e-02
   9.509125e-03
   1.898068e-02
   6.051072e-03
  -3.830496e-03
   2.110670e-02
   1.135539e-02
   3.295751e-02
   9.767852e-03
   3.414221e-02
  -1.360886e-02
   4.260007e-02
  -2.498753e-03
   5.242877e-03
   1.182025e-02
  -6.381877e-03
  -1.557878e-03
   1.554819e-02
   1.397909e-02
   1.494988e-02
   1.306260e-02
   1.927448e-02
   1.934713e-02
   3.164362e-03
   2.365768e-02
   9.350479e-03
   1.472976e-02
  -3.623638e-03
  -1.386929e-02
   4.968112e-04
   3.229928e-02
   1.235470e-02
   2.698109e-02
   2.100166e-02
   7.655805e-03
   5.388384e-03
   1.984036e-02
   1.090781e-02
  -1.550122e-02
   1.183161e-03
   9.274170e-03
   7.188959e-03
   8.639193e-03
   1.381830e-02
  -1.358394e-04
   2.037993e-03
   1.006943e-03
   3.031676e-02
  -1.952825e-02
   3.347488e-02
   3.684384e-02
  -9.227870e-03
   1.134154e-02
   5.036431e-02
   2.532544e-02
   7.189791e-03
   2.138477e-02
   6.757950e-03
  -1.844194e-02
   3.045145e-03
   7.185089e-04
   1.297967e-02
  -1.488622e-02
  -1.355954e-02
   2.160383e-02
   3.986062e-02
   9.376390e-03
  -1.652326e-02
   2.874711e-02
   1.818541e-02
   1.041633e-02
  -7.571912e-04
   1.895671e-02
   3.037369e-02
   2.951636e-02
   4.048629e-02
   3.617132e-02
   1.969269e-02
   2.086875e-02
   2.249069e-02
   2.734780e-02
   2.376356e-02
   2.295474e-02
   2.039670e-02
   3.226068e-02
   1.080159e-02
   6.264895e-03
  -2.111541e-02
   2.218493e-02
   1.473849e-02
   3.794112e-02
   2.040848e-02
   1.886209e-02
   9.896342e-03
   2.565613e-03
   4.504614e-03
   3.313315e-02
   1.933040e-03
  -1.582707e-02
  -5.356843e-03
   6.920916e-03
  -1.482197e-03
   3.488075e-02
  -9.104033e-03
   1.536106e-02
  -1.673492e-02
  -6.110785e-04
  -1.679757e-02
   1.250136e-02
   2.156591e-02
   3.396498e-02
   1.142942e-02
   3.809526e-02
   3.058360e-02
   2.261509e-02
   3.559926e-02
   3.011837e-02
   2.574228e-02
   3.251643e-02
   3.319475e-02
   1.171489e-02
   2.248921e-02
   2.688983e-02
   2.023916e-02
   4.442503e-02
   1.724927e-02
  -7.942848e-03
  -4.120765e-03
   3.138644e-02
   1.761499e-02
   1.952547e-02
   4.002037e-03
   3.632414e-02
  -1.861422e-02
  -1.018438e-02
   3.688137e-03
   4.192088e-02
  -8.297601e-03
   5.665657e-03
  -2.328374e-03
   1.813033e-02
   2.010463e-02
  -3.765019e-03
  -8.884409e-03
  -1.575751e-03
   3.786048e-02
   2.928133e-02
   2.017933e-02
  -4.342609e-03
   2.953271e-02
  -2.106661e-02
   2.813578e-03
   1.288304e-02
  -3.117143e-02
   3.832030e-03
   1.577769e-02
  -2.713465e-02
   2.261857e-02
  -1.162991e-02
   1.357103e-03
   1.761106e-02
   1.513882e-02
   1.535512e-02
   1.063041e-03
   1.215158e-02
   2.161067e-02
   2.337891e-02
  -7.879919e-03
   3.371867e-02
  -4.972831e-03
   5.477101e-03
  -5.362725e-03
   1.489665e-02
   2.351695e-02
   1.206502e-02
   2.737028e-02
   1.295449e-02
   1.306894e-02
   4.106524e-02
   2.504267e-02
   5.503267e-03
   8.204462e-03
   2.943288e-02
  -1.375687e-02
  -4.095748e-03
   2.892559e-02
   8.515119e-03
   2.494773e-02
  -9.019121e-03
   2.313661e-02
  -4.566518e-03
   9.846228e-04
   1.351639e-02
   9.974111e-03
   2.878007e-03
  -3.375213e-02
  -1.311538e-02
  -1.997546e-02
  -1.525427e-04
   6.430856e-03
   2.933271e-03
  -1.563668e-02
   2.988961e-02
   3.703818e-03
   2.370118e-02
   4.462948e-02
   3.643679e-04
   1.117639e-02
   6.371632e-03
   1.749986e-03
   1.015521e-02
   3.342283e-02
   2.523526e-02
   1.671986e-02
   2.248768e-02
   1.509735e-02
   2.268658e-03
   1.777136e-02
  -2.364487e-02
   3.176009e-03
  -3.058907e-03
  -1.767032e-02
  -2.520626e-02
   6.163284e-03
   2.549578e-02
   1.940516e-02
   3.531048e-02
  -1.672112e-02
  -3.495977e-03
   4.416613e-02
   1.300780e-02
   1.132753e-02
   1.070137e-02
   2.632207e-02
   3.454260e-03
  -5.508320e-03
   1.227517e-02
  -3.678685e-03
   2.293845e-02
   2.924756e-02
  -3.943356e-04
   1.265604e-02
   3.040383e-02
   2.199196e-02
   1.466561e-02
   2.115586e-02
   2.870062e-02
   1.620882e-03
   1.232542e-02
  -1.932341e-02
   1.713291e-02
  -1.446402e-02
   1.127780e-02
   1.009695e-02
   2.309400e-04
   5.542132e-03
  -2.854145e-02
   6.840257e-03
   1.114778e-02
   2.450151e-02
   6.807153e-03
   9.543294e-03
  -4.990192e-03
   1.517009e-02
   2.593308e-02
   1.975168e-02
  -7.050118e-03
   1.233935e-02
  -1.110596e-02
   2.753474e-03
   1.284596e-02
   1.612599e-02
   3.458694e-02
   3.299804e-02
   5.877511e-02
   1.953228e-02
   3.043278e-02
   2.453734e-02
   1.833545e-02
   6.445832e-02
   3.121839e-02
   1.641432e-02
   1.085237e-02
   1.460455e-02
   4.391109e-02
   1.402281e-02
   7.201268e-03
   2.651314e-02
  -9.776848e-03
   5.735225e-03
   1.042346e-02
  -1.245638e-02
  -3.320214e-03
   5.070596e-03
  -1.684475e-02
   1.097695e-02
   1.259483e-03
   3.380167e-02
   9.671409e-04
   2.148460e-02
   3.441564e-03
   2.304507e-02
   1.608454e-02
  -1.217649e-02
   3.899906e-02
   2.895144e-02
   2.444230e-02
  -1.221277e-02
   3.552383e-02
   6.206999e-02
   1.714363e-02
   4.080098e-02
   3.362212e-02
   3.734798e-02
  -9.901120e-04
   1.811876e-02
  -2.821166e-03
   2.352177e-02
  -8.558476e-03
   6.870247e-03
   2.745238e-03
   1.545403e-02
   1.203639e-02
   4.550197e-03
  -5.185910e-03
   3.090405e-02
   1.511199e-02
  -1.702326e-02
   3.579301e-03
   1.431805e-02
   1.034928e-02
   1.224057e-02
  -1.965745e-02
   2.182822e-02
   4.062361e-02
  -2.454413e-02
   1.925912e-02
   3.458072e-02
   2.225543e-02
   2.039573e-02
   2.503876e-03
   2.571127e-02
   2.590137e-02
   3.060782e-02
   2.512111e-02
   1.184537e-02
   3.342141e-02
   1.562917e-04
   7.749853e-03
   1.921990e-02
  -7.819624e-03
   2.417907e-02
  -1.566479e-03
   1.358668e-02
   1.284645e-02
   3.470220e-02
  -1.157848e-02
   3.901143e-02
   1.140731e-02
   1.100832e-02
  -3.338249e-03
   1.103171e-02
   1.576265e-02
   2.000173e-02
   1.471247e-02
  -2.269329e-02
  -2.833309e-03
  -1.004803e-02
   1.588267e-02
   3.579085e-02
   2.320995e-02
   1.681317e-02
   1.667483e-02
   2.903642e-02
   2.746890e-02
   2.903836e-02
   9.239581e-03
  -2.712428e-02
   2.925724e-02
  -1.409627e-02
   1.444438e-02
   1.899159e-02
  -2.379303e-02
   3.317641e-03
   9.725147e-03
   2.761272e-02
   5.580293e-03
  -9.773631e-03
   7.150051e-03
  -8.617962e-03
  -1.950250e-02
  -4.247090e-03
   3.745148e-03
   1.738439e-02
  -3.236824e-02
  -8.990659e-03
  -1.864796e-03
   8.880549e-04
   2.546570e-02
  -1.990022e-02
  -6.470168e-03
  -1.899160e-02
   2.275082e-02
   1.898298e-02
   1.834586e-02
   2.456821e-02
   1.829407e-02
   2.747274e-02
   9.923134e-03
   2.787466e-03
   2.556354e-02
   2.585368e-02
   2.758196e-02
   1.907575e-02
   5.459107e-03
  -2.188944e-02
  -6.171878e-02
  -1.071785e-02
  -8.364363e-03
  -4.895346e-03
  -2.043835e-03
   1.506595e-02
   3.686884e-03
   9.126058e-03
   5.181537e-03
   1.404825e-02
   1.650788e-03
  -1.396801e-04
  -2.071187e-02
  -2.422276e-03
   1.255699e-02
   1.479933e-02
   1.639759e-02
   5.147892e-03
   1.061873e-02
   3.135850e-03
   1.552736e-02
   2.632234e-02
   2.845097e-03
   5.263541e-02
   1.746761e-02
   1.216356e-02
   1.220996e-02
  -8.540398e-03
   2.815295e-02
  -3.507832e-02
   2.927838e-02
  -1.053966e-02
   9.367219e-03
   3.899293e-03
   2.654754e-02
   2.284948e-03
  -6.590622e-04
  -3.157254e-03
   1.549720e-02
   3.188290e-02
  -3.703475e-02
  -1.286722e-02
  -3.819744e-02
   7.567637e-03
  -1.916641e-03
  -1.887510e-03
  -3.568948e-04
   2.520233e-02
  -5.239690e-03
   1.256685e-02
   7.071528e-03
   4.304792e-03
   1.044213e-02
   1.613939e-02
   4.182873e-03
  -1.965497e-03
   2.566087e-02
   1.618921e-02
   3.316187e-03
   1.223952e-03
  -1.113887e-03
   1.114068e-02
   2.814209e-02
   5.460195e-03
  -1.418164e-02
  -3.849691e-02
   3.565546e-02
   2.335195e-02
  -5.035946e-02
  -4.253311e-02
   4.129573e-02
   2.101801e-02
   2.221341e-02
   2.925857e-02
  -1.739072e-02
   1.527495e-02
   7.394315e-03
  -2.854231e-03
   3.284784e-03
  -2.101120e-03
  -1.315956e-02
   3.182941e-03
   7.957366e-04
  -2.876835e-03
  -1.373103e-02
   4.300324e-02
   3.266056e-02
   2.090722e-02
   2.625593e-02
   2.358192e-02
  -1.635838e-02
  -1.589615e-02
  -4.497313e-02
  -1.635210e-02
  -4.705417e-02
   7.947089e-04
  -2.375449e-02
  -3.595645e-02
   8.739564e-03
  -2.405954e-02
  -2.952357e-02
   1.293866e-02
   1.146075e-02
  -1.131999e-02
   8.996230e-03
   1.609527e-02
  -4.323329e-02
   5.592963e-03
  -4.089028e-03
   7.657506e-03
   1.845138e-02
   2.091264e-02
   6.760606e-03
   1.252873e-02
   2.037755e-02
   7.682078e-03
   5.545516e-03
  -1.116554e-02
   4.471883e-02
   3.343340e-02
  -2.956641e-02
   7.939238e-03
   3.148038e-02
  -3.823851e-03
  -4.857386e-03
   1.547822e-02
  -1.167857e-02
  -1.838595e-03
  -8.384975e-03
  -2.161994e-02
  -1.323224e-02
   1.937357e-03
   1.090636e-02
  -2.517396e-02
  -4.811289e-02
   1.936025e-02
   7.674132e-03
   1.131259e-02
  -2.141388e-03
   2.969349e-03
   5.768249e-03
   1.527150e-02
   2.483038e-02
   2.052727e-02
   1.364394e-02
   1.293389e-02
   1.968106e-02
   1.069949e-02
   4.575340e-02
   1.181686e-02
   1.729662e-02
   5.310159e-02
   1.519086e-03
   1.907385e-02
   9.618764e-03
  -6.717156e-03
  -6.484556e-03
  -3.545710e-02
  -1.329976e-02
  -2.086222e-02
  -3.813126e-02
  -3.059885e-02
  -4.198594e-02
   2.138627e-02
   2.903130e-02
   2.624967e-02
  -1.478805e-02
   2.912029e-03
  -8.972543e-03
  -6.265135e-03
  -1.790435e-02
  -2.453165e-03
   3.839993e-03
   1.478758e-02
   4.076824e-02
   1.583880e-02
   1.383349e-02
   1.262899e-02
   2.573175e-02
  -3.031858e-02
   8.460200e-04
  -4.617028e-03
   3.202333e-03
   9.044983e-03
   5.067082e-02
  -6.946474e-03
   8.166125e-03
  -2.395960e-02
  -5.807450e-03
  -2.038859e-02
  -1.789337e-02
   2.522750e-03
  -4.460921e-02
   4.129879e-02
  -2.605378e-03
  -3.596649e-03
   3.349640e-03
   1.833434e-02
  -3.015421e-02
   1.604846e-02
  -2.317336e-02
  -9.496244e-03
  -1.370029e-02
   4.333777e-03
  -2.742695e-03
   2.501652e-02
   2.952894e-02
   8.414155e-03
   1.322222e-02
   2.463082e-02
  -2.131436e-03
   3.039179e-02
   1.683948e-02
   1.905450e-02
  -8.915245e-03
  -5.174723e-03
   2.130849e-02
   1.842936e-02
   5.395181e-02
  -2.424309e-03
   1.302181e-02
  -2.239642e-02
  -8.042287e-03
  -7.985538e-02
  -7.719425e-03
  -4.524973e-02
  -2.466924e-02
  -3.651713e-02
  -1.433870e-02
   3.779822e-02
  -4.407836e-03
  -2.846485e-02
   7.191735e-04
  -1.480473e-02
  -4.843364e-03
   6.081278e-03
   1.732048e-02
   1.044405e-02
  -5.380206e-03
   1.160632e-02
   3.706473e-02
   2.644972e-02
  -3.478581e-03
  -2.481814e-02
   1.706558e-02
  -7.853524e-03
   2.854520e-02
  -2.613755e-02
   8.821944e-04
  -7.917450e-03
  -8.823510e-04
   9.822523e-03
   2.163041e-02
   1.376083e-02
   2.859272e-03
  -6.442403e-02
  -8.781451e-02
  -4.122510e-02
  -3.512628e-02
  -4.221640e-02
  -1.853755e-02
  -3.042009e-02
   2.213471e-02
  -7.814893e-03
  -1.424428e-02
  -3.563712e-02
   1.397493e-02
   1.010199e-02
   6.169432e-03
   4.819427e-03
   6.824007e-03
   5.610317e-02
   1.611948e-02
   4.807592e-02
  -1.176358e-03
   2.729964e-02
   1.302403e-02
  -5.293142e-03
   2.022882e-02
   6.305061e-03
   1.627529e-02
   6.976345e-03
   1.257119e-02
  -4.347271e-02
   3.420728e-02
   7.496251e-03
  -2.709107e-02
  -9.288549e-02
  -4.824190e-03
  -3.587942e-02
   2.500080e-02
   3.765863e-02
   1.282498e-02
  -2.808190e-02
  -3.485695e-03
   4.454847e-03
  -8.124865e-03
  -9.729750e-03
  -1.496720e-02
  -7.478099e-03
  -5.127285e-03
  -8.491365e-03
   1.234763e-02
   3.358580e-02
   1.688731e-03
   9.134695e-03
   5.831581e-03
   1.945337e-02
   1.634390e-02
   1.655430e-02
  -1.669619e-03
   2.461030e-03
   4.241700e-02
   1.706954e-02
  -1.799604e-03
  -1.141047e-02
  -6.082735e-02
  -2.547936e-02
  -2.583432e-02
  -3.252117e-02
   5.322328e-03
  -1.591839e-02
  -4.358362e-03
  -2.055541e-02
  -1.704163e-02
  -1.270075e-02
  -4.509894e-03
   2.466513e-02
  -1.458516e-02
   1.981018e-02
  -6.266722e-03
  -9.093604e-03
  -1.070911e-02
   4.256125e-03
   3.871026e-02
   6.420367e-02
   2.622232e-02
   1.183759e-02
  -4.085385e-03
   3.229430e-02
   6.254069e-03
  -8.666292e-03
  -2.197738e-03
   3.742698e-03
  -9.499048e-03
   2.068441e-02
   4.378785e-03
  -5.748447e-03
  -1.034178e-02
   5.995711e-03
  -3.891048e-04
  -1.731368e-02
   1.613832e-02
  -3.030170e-02
  -1.899472e-02
  -5.896549e-04
   1.187414e-02
  -1.131280e-04
  -1.737966e-03
   2.560375e-03
  -3.240436e-03
   5.484608e-03
   1.480352e-02
  -7.010108e-03
  -4.926613e-03
  -2.485287e-03
  -1.533605e-02
  -7.426529e-03
   2.715930e-02
   1.453493e-02
   4.607908e-03
   4.327782e-02
  -1.495563e-02
   3.689273e-02
   1.004183e-02
  -9.726050e-03
  -1.175636e-02
  -2.643858e-02
  -9.075151e-05
   1.721240e-03
   1.921297e-02
  -7.189123e-02
   6.660397e-03
  -1.742333e-02
   1.424143e-02
   4.179884e-02
   4.770410e-03
   5.642029e-03
  -2.681900e-02
   8.909759e-04
   3.296670e-02
  -9.445224e-03
  -1.498159e-02
  -9.434837e-03
   4.270826e-02
  -2.336515e-03
   2.337079e-03
   2.046942e-03
  -6.542826e-03
  -6.296288e-03
   4.875812e-03
   1.438571e-03
  -1.509503e-02
   1.311630e-02
   1.730886e-02
  -1.211243e-02
   1.519840e-02
  -5.114872e-03
  -1.361765e-03
  -2.083634e-02
   1.997555e-02
  -1.647534e-02
   2.330048e-02
  -2.065006e-02
  -1.855230e-02
  -1.435116e-03
   1.645188e-02
   2.147247e-02
   6.166690e-03
  -9.055701e-03
   5.963975e-03
   3.750913e-02
  -4.877150e-02
  -2.290318e-02
  -2.589277e-02
  -2.564682e-03
   3.372842e-03
  -2.336515e-03
   2.824713e-07
   1.023612e-03
   8.081655e-04
   7.943711e-03
  -6.235582e-03
   7.579288e-03
   2.519838e-02
   1.006680e-02
   1.368783e-02
   1.774890e-03
   1.488575e-02
  -2.457007e-02
  -2.855490e-03
   3.267771e-02
  -1.083283e-02
  -7.955294e-03
   1.800197e-03
  -1.545719e-02
   6.877596e-03
   1.378329e-02
   6.676409e-03
   1.860422e-02
   2.419625e-02
  -1.695829e-02
  -5.965012e-03
  -2.601190e-03
  -6.299666e-03
  -7.503219e-03
  -2.177007e-02
   2.763356e-02
  -3.002505e-02
  -2.336515e-03
  -1.168116e-03
  -7.225194e-05
  -2.912080e-03
  -1.344109e-02
  -1.928466e-02
   9.915783e-03
   1.405444e-02
  -8.114285e-03
   7.657023e-03
  -9.361586e-03
   2.144529e-02
   2.901070e-02
   2.071606e-02
   2.012785e-02
  -4.919916e-03
  -6.313201e-03
   3.953307e-03
   2.304119e-02
   4.773659e-02
  -1.150011e-03
  -1.020594e-02
   2.207175e-02
   3.903952e-02
  -5.606491e-03
  -1.068414e-02
  -2.012599e-02
  -1.317582e-02
   1.408696e-02
   2.986301e-02
   1.066792e-02
  -2.549281e-02
  -2.336515e-03
  -1.752315e-03
  -2.559033e-04
   1.056857e-03
   7.745493e-04
   1.470788e-02
  -1.050336e-02
   2.614370e-02
   9.149190e-03
   3.441614e-02
  -2.379598e-02
  -4.836604e-02
   5.926683e-02
   3.734014e-02
   3.203753e-02
   4.433089e-02
  -4.766138e-03
  -9.407351e-03
   2.729033e-02
   2.477958e-02
  -6.881921e-04
  -6.110092e-03
   7.980831e-03
   2.706551e-03
  -3.890070e-02
  -1.103908e-02
  -4.842874e-02
  -2.475323e-02
   2.140173e-02
   2.796864e-02
   1.931828e-02
  -3.087264e-03
