   1.677389e-02
   2.502568e-02
  -6.762484e-03
  -1.088602e-03
  -1.572367e-02
   1.079587e-02
   1.201559e-02
   7.772611e-03
  -2.294515e-02
  -1.171256e-02
   3.128040e-02
  -1.712026e-02
  -2.340365e-02
  -7.519996e-03
   1.911728e-02
   2.291086e-03
  -7.701380e-03
  -1.304141e-02
   7.321304e-03
   1.364529e-02
   1.021381e-02
  -4.633148e-03
   1.224289e-02
   2.707937e-02
   1.007075e-02
   2.633915e-02
  -4.347594e-03
   1.001714e-02
   8.363054e-03
   2.604113e-03
   4.242785e-03
   4.242785e-03
   8.522110e-03
   1.859650e-03
   1.260318e-02
   2.348346e-02
  -1.198860e-03
   9.359133e-03
  -3.817554e-03
  -1.502570e-02
   1.771818e-02
  -3.535405e-02
  -2.778380e-02
   1.779696e-03
   2.410668e-03
   1.675091e-02
  -4.365957e-03
  -1.768116e-02
   6.379259e-03
  -1.939603e-03
   2.136002e-02
   1.707987e-02
   1.623430e-02
   3.116516e-02
   1.428243e-02
  -9.725461e-03
  -2.320628e-02
   6.537697e-03
   2.614938e-02
   1.511454e-02
   1.246791e-02
   2.481476e-03
   1.402600e-02
   2.656699e-03
  -7.602140e-04
   1.397758e-03
   3.183211e-02
   3.454780e-03
  -6.671104e-03
  -6.310403e-03
  -2.161924e-02
  -1.246218e-02
  -1.043696e-02
  -7.909724e-03
   2.206183e-02
   1.814450e-02
   2.963080e-02
  -1.791371e-02
  -3.565086e-02
   7.055530e-02
  -1.766078e-02
   3.246077e-02
  -1.964361e-02
   7.919052e-03
   3.300763e-03
  -1.662752e-02
   3.502454e-02
   3.236513e-02
  -3.088548e-03
  -3.131455e-03
   6.416131e-03
  -1.179405e-02
  -4.314017e-03
   2.025561e-03
   1.698158e-02
  -1.029869e-02
  -2.102044e-02
  -1.366057e-02
   1.428656e-02
   2.468815e-02
  -4.824029e-03
   2.873951e-03
  -3.350906e-03
  -2.766841e-03
   2.451864e-03
   5.905775e-03
  -4.623625e-03
   1.760486e-02
   2.265080e-02
   1.198162e-03
  -1.212098e-02
   3.667692e-02
   2.348240e-02
  -1.001482e-02
  -4.207656e-02
   3.093919e-02
   3.889764e-03
  -2.052673e-02
  -9.579613e-05
  -1.702930e-02
  -1.838159e-02
   3.150442e-02
   1.758782e-02
  -7.685132e-03
   6.296021e-03
   1.201112e-02
   1.686560e-02
   2.996982e-02
  -3.138257e-04
  -1.074964e-02
  -1.204894e-02
  -3.968372e-02
  -2.198132e-02
   1.975629e-02
   8.108503e-03
   3.320478e-02
  -2.528777e-02
   3.370458e-02
  -2.293258e-02
   2.590820e-04
   9.694319e-03
   1.217654e-02
   9.334095e-05
   2.232652e-02
   4.496382e-02
   1.621106e-02
   1.368418e-02
   2.165500e-02
  -7.727332e-03
  -1.538734e-02
   2.148312e-03
  -2.168051e-02
   2.482199e-02
  -3.089149e-02
   4.011586e-02
   1.356883e-03
   3.900068e-02
   2.285731e-02
  -9.397536e-03
  -1.893903e-02
   2.495504e-02
  -1.280002e-02
  -7.893395e-03
   1.168775e-03
   6.545588e-03
   2.256231e-02
  -1.265637e-02
   5.056335e-03
  -2.940695e-03
   7.675228e-03
   1.320494e-02
   6.104967e-03
   3.690848e-03
  -6.388541e-03
  -2.200872e-02
   4.534891e-02
   1.346036e-02
   1.103430e-02
   2.277841e-04
  -2.643921e-03
  -1.737403e-02
  -3.544361e-02
  -5.001363e-02
   1.575483e-02
   9.465889e-03
  -1.990068e-02
  -1.378616e-02
  -1.426562e-03
  -1.250088e-02
   1.790508e-02
   1.492440e-02
   5.449930e-03
  -5.481671e-03
  -1.232402e-02
   8.636855e-04
   1.480080e-02
   2.443258e-02
  -2.733273e-02
  -1.882515e-03
   4.145974e-02
   7.934262e-04
   7.000932e-03
   1.163637e-02
   1.119383e-02
  -2.063003e-02
  -5.113912e-02
  -2.028310e-03
  -2.203688e-03
  -4.993166e-02
   1.423798e-02
  -1.047972e-02
  -2.751686e-02
  -2.368126e-02
   3.386420e-02
  -5.044568e-03
   1.015725e-03
   1.718741e-02
  -4.032870e-03
  -2.111219e-02
  -1.364668e-02
  -6.013151e-03
  -6.041636e-03
   1.782354e-02
   3.461003e-02
  -2.006300e-02
  -1.869037e-02
   8.871362e-03
  -1.958949e-02
  -4.153635e-04
   4.298220e-02
  -9.000703e-03
   1.732374e-02
   1.796585e-02
   3.578039e-02
   1.514577e-02
   7.761988e-03
  -1.629901e-02
  -3.460031e-03
   1.254681e-02
   1.464130e-04
  -9.903880e-03
   1.781043e-02
  -2.886780e-02
  -2.751515e-02
   8.946287e-03
   4.310647e-03
  -3.162887e-03
  -8.077221e-03
  -1.395770e-02
  -3.262559e-03
   2.589210e-02
   6.673024e-03
   8.136588e-03
   2.966567e-03
   4.008497e-03
   4.328773e-03
  -1.419972e-02
  -1.616543e-02
  -2.270829e-02
   2.683740e-02
  -2.800976e-03
   2.007737e-02
   2.005090e-02
   2.031242e-02
   1.417579e-02
  -8.041810e-03
  -8.017721e-03
  -2.453217e-02
  -4.886796e-02
  -2.108888e-02
  -2.855285e-02
  -7.013037e-03
  -1.909440e-02
  -4.130513e-02
  -8.536776e-03
  -2.068741e-02
  -1.253335e-03
   7.543406e-03
  -3.840407e-03
  -2.757418e-02
  -3.133640e-02
   1.586175e-02
  -1.767228e-02
   6.267892e-03
   9.581117e-03
  -9.094943e-03
  -1.049479e-02
  -5.686071e-03
  -8.626085e-03
   3.495835e-03
   1.485269e-02
   6.107976e-03
  -8.981312e-03
   3.379702e-03
  -1.062650e-02
  -1.812836e-02
   2.646670e-02
   2.145687e-02
   6.719575e-03
  -4.544603e-03
  -8.820198e-02
  -4.428806e-02
   1.811586e-02
   1.944869e-02
  -3.513098e-02
  -2.112236e-02
   2.203525e-02
  -2.601030e-02
   7.981118e-03
   3.095672e-02
   1.171352e-02
  -7.865140e-03
  -3.322862e-02
   2.301084e-02
  -1.254335e-02
  -4.051732e-03
  -2.212683e-03
  -4.039577e-03
   1.008708e-02
   2.178628e-02
  -5.422824e-03
  -4.804808e-02
  -1.965443e-02
  -1.391720e-02
   1.867555e-02
   1.304924e-02
   3.043335e-02
  -2.488850e-02
   5.563989e-03
  -1.241202e-02
   1.735300e-02
   8.783617e-02
   4.087866e-02
  -5.998663e-02
  -3.311071e-02
  -4.837570e-02
  -7.390137e-03
  -3.008857e-02
   6.673772e-03
   9.377693e-03
   5.782942e-03
   1.215440e-02
   2.760293e-02
  -1.942379e-02
  -1.928491e-02
   6.742197e-03
  -2.415205e-03
  -5.879737e-03
  -1.034054e-02
  -2.206855e-02
  -8.505685e-03
  -1.079311e-02
   6.751894e-03
   2.315594e-03
  -8.698372e-03
  -1.130779e-02
  -6.302031e-04
   2.386979e-03
   1.493598e-02
  -4.431789e-03
  -2.057492e-02
  -1.031536e-02
  -1.273172e-02
  -5.387895e-03
  -4.543150e-02
   2.397658e-02
  -1.056711e-02
  -1.963094e-02
  -1.650549e-02
  -2.029490e-02
  -1.890679e-02
  -7.517661e-03
  -1.996598e-02
   4.645600e-02
   1.469683e-02
   2.935102e-02
  -9.452245e-03
   2.565806e-02
   7.271882e-03
  -2.001105e-02
  -2.975323e-03
  -1.113820e-02
  -1.124815e-02
   7.197767e-03
   3.438268e-02
   1.745241e-04
  -8.756278e-03
  -5.883469e-03
  -1.227555e-02
   1.086728e-02
  -1.524314e-02
  -1.413105e-02
  -1.884310e-02
   2.607130e-02
  -2.633704e-02
  -1.276096e-02
  -2.909623e-02
  -1.193228e-02
  -2.256721e-02
   4.998678e-05
  -1.870597e-02
   1.915711e-02
  -1.588078e-02
  -4.478189e-02
  -2.121614e-02
   5.157772e-04
  -4.462262e-02
   9.722081e-03
  -2.235770e-02
   3.603811e-02
   2.585573e-02
  -6.588922e-03
   1.625626e-02
  -1.972568e-02
   1.179183e-02
   2.164380e-02
   1.512613e-02
  -2.724390e-02
   1.842108e-02
   8.805741e-03
   1.240212e-02
  -8.540030e-03
  -7.532106e-03
  -1.800617e-02
  -6.780094e-03
  -1.769304e-02
   3.013226e-02
   5.864113e-03
  -1.442480e-02
  -2.004227e-02
  -1.836269e-02
  -1.680265e-02
  -1.706730e-02
  -1.786651e-02
  -2.890102e-02
   1.639195e-02
  -1.376018e-02
   2.144588e-02
  -1.705396e-02
  -4.184291e-02
  -1.645547e-02
  -2.791809e-03
  -1.425589e-03
  -6.021504e-03
   7.298847e-03
   7.593164e-03
   1.542492e-02
   4.594179e-02
  -4.317594e-02
  -4.963484e-03
  -1.840757e-02
   1.979356e-02
   3.242786e-02
  -1.146526e-02
  -1.034386e-02
   6.572085e-03
  -1.421339e-02
  -1.052169e-02
  -8.128954e-03
  -1.132421e-03
  -7.778609e-03
  -7.853589e-03
  -6.556810e-03
  -1.726603e-03
  -1.344614e-02
  -4.465482e-02
   3.490966e-02
  -3.681200e-02
  -4.932361e-02
  -1.745643e-02
  -3.196197e-03
  -2.481103e-02
  -3.373345e-02
  -5.801866e-03
  -1.997457e-02
  -2.337035e-02
  -8.035752e-03
  -4.911608e-03
  -3.627100e-03
  -4.456240e-02
   8.214808e-03
  -3.007821e-02
  -2.079167e-02
   2.256396e-02
  -4.864859e-02
  -3.392320e-02
  -1.172780e-02
   4.954485e-03
   1.203572e-03
  -2.051395e-03
  -8.787664e-03
  -2.174079e-03
   5.809062e-03
   2.963337e-03
   9.231303e-03
   3.128738e-02
  -3.702436e-02
  -2.748668e-02
   1.331971e-02
  -6.239648e-03
  -1.976191e-02
  -1.840882e-02
  -1.238697e-02
  -2.047158e-02
   4.032396e-02
   8.137399e-03
  -1.159402e-02
  -1.055297e-02
  -8.330835e-03
  -1.557674e-02
  -3.268522e-02
   9.932847e-03
   2.654622e-03
  -1.068908e-02
  -8.065376e-03
   7.284617e-03
   1.133449e-02
   3.205608e-02
   7.366431e-03
   1.268529e-02
   1.444618e-02
  -2.383717e-02
  -1.618264e-02
   3.397849e-03
   3.022560e-02
  -1.106979e-02
  -1.523317e-02
  -1.751091e-02
   3.106222e-02
  -7.820870e-04
   2.576221e-02
   1.001469e-02
  -1.647273e-02
  -3.464772e-02
   2.688204e-02
  -3.212369e-02
  -1.385844e-02
  -1.949031e-02
  -1.059261e-02
   3.305475e-03
   8.421232e-04
  -8.716905e-03
   1.910372e-02
   2.307786e-03
   1.753992e-02
   7.680349e-03
  -8.248036e-04
   2.156970e-02
  -8.370405e-03
   1.172502e-02
  -3.547845e-03
   4.368287e-03
  -4.493612e-02
  -9.873803e-04
  -2.947070e-03
  -3.404666e-02
   2.967596e-02
   1.047469e-02
  -4.158329e-02
  -1.643121e-02
  -3.302543e-02
  -1.156215e-02
  -7.383097e-03
   2.440922e-03
  -1.756827e-02
  -2.095187e-02
  -1.682862e-02
  -3.655528e-02
  -4.128571e-02
   2.001654e-02
  -1.459157e-02
   3.651128e-03
  -1.692499e-03
   5.296484e-03
   1.283843e-02
   9.033675e-03
   3.242521e-02
   1.619021e-02
  -2.448389e-02
  -2.165240e-03
   1.677884e-02
  -2.416869e-02
   6.508117e-03
   5.327183e-02
  -8.788379e-03
  -3.470084e-02
  -1.219587e-03
   1.104764e-02
  -3.720635e-03
  -5.569580e-02
  -3.698688e-02
   2.639479e-02
  -3.038548e-02
  -5.058002e-03
  -8.328412e-03
  -1.649909e-02
   2.315794e-02
   3.313584e-02
   1.813714e-02
   2.223031e-02
  -4.364188e-03
  -1.416772e-02
   2.037593e-03
  -1.929666e-02
  -1.655973e-02
   1.618669e-02
   5.982333e-02
   1.195481e-02
   3.923181e-03
  -2.457885e-02
  -2.959265e-02
  -2.252561e-02
  -2.915486e-02
  -1.761546e-02
   4.771784e-04
  -5.668911e-03
   3.052138e-03
   2.361370e-02
  -5.926124e-03
  -3.749319e-03
  -9.023496e-03
  -1.347646e-03
  -3.298718e-03
  -1.569817e-02
  -2.721392e-02
  -2.439679e-02
  -4.373456e-03
  -3.690121e-03
   3.915893e-03
   2.033510e-05
  -2.046856e-02
  -2.103057e-03
  -2.511234e-02
   6.052619e-03
  -2.590158e-02
  -1.329214e-02
  -1.018451e-02
  -5.214624e-03
  -2.164292e-02
  -9.752805e-03
   9.289134e-04
   2.386240e-02
   2.383463e-02
   2.176065e-03
  -2.879234e-03
  -1.024735e-02
  -2.322213e-03
  -7.363682e-03
  -4.220302e-03
  -8.046740e-03
  -9.769521e-03
  -1.765718e-02
  -4.270725e-02
  -3.955890e-03
  -6.084812e-03
   7.960740e-03
  -4.639413e-03
  -1.354981e-03
   9.877652e-03
   2.196172e-03
  -1.783579e-02
   9.360159e-04
   1.208262e-02
   1.493836e-02
   2.177018e-03
   6.416061e-03
  -3.984957e-02
   4.304196e-02
   1.307778e-02
  -5.217758e-03
  -1.266034e-02
  -2.044891e-02
  -2.499884e-02
   4.514011e-03
  -9.175237e-04
   5.219171e-03
   1.834109e-02
   1.072492e-02
   2.803529e-03
  -1.409992e-02
  -4.522924e-03
  -1.522997e-02
  -7.448043e-03
  -1.771835e-02
  -3.064001e-02
  -1.574216e-02
  -5.735136e-03
  -1.015303e-02
  -2.595231e-02
  -1.042528e-02
   8.871608e-06
   2.018552e-03
  -2.580330e-02
   2.419567e-02
  -3.069653e-02
   1.074506e-03
  -6.077491e-03
  -1.037174e-02
  -6.844827e-03
   1.626852e-02
   2.467141e-02
   5.636415e-03
  -3.331761e-03
  -1.189034e-02
  -9.682477e-03
   2.011001e-02
  -2.396695e-02
  -4.058162e-03
  -1.442440e-02
   3.200241e-02
   4.046349e-03
   1.673683e-02
   1.243848e-02
  -4.483701e-03
   8.855999e-03
  -1.512815e-02
   1.526762e-02
  -6.419172e-03
  -1.878297e-02
  -1.688542e-02
   2.824228e-02
  -3.968553e-03
  -1.435437e-03
   2.211879e-03
   4.147971e-03
   3.116769e-02
  -8.575019e-03
  -6.061620e-03
  -1.718974e-02
  -1.045075e-02
   2.373079e-02
   8.150408e-03
   8.304209e-03
  -7.543311e-03
  -4.879844e-03
  -4.220137e-03
   9.724726e-03
  -1.210530e-02
  -1.395190e-02
  -1.612351e-02
  -9.491954e-03
  -2.984922e-02
   3.647178e-02
  -1.181009e-03
  -4.010525e-02
  -2.399932e-02
  -2.137745e-02
  -2.007299e-02
  -2.348894e-02
  -1.173962e-02
  -8.810688e-03
   6.031144e-03
  -1.814086e-03
  -1.789930e-03
  -1.176379e-02
  -4.775957e-03
  -5.124936e-03
  -3.052157e-02
   4.140597e-03
  -5.863527e-03
   1.831802e-02
  -5.046911e-03
  -2.515406e-02
  -1.542205e-02
  -1.156200e-02
  -7.623258e-03
  -3.764459e-03
   4.109767e-03
  -9.635022e-03
  -8.008370e-03
  -3.611844e-03
  -1.266212e-02
  -2.127577e-02
  -1.347971e-02
  -1.926080e-02
  -8.148607e-03
   1.433144e-02
  -2.923821e-03
   8.964116e-04
   2.088831e-02
  -2.940101e-02
  -8.239673e-03
  -3.023204e-03
   7.980747e-03
   5.862149e-03
  -1.195797e-02
  -1.392278e-02
  -5.868931e-03
   1.064981e-02
  -2.846906e-02
   2.061989e-03
  -3.720827e-02
  -1.780468e-02
  -2.900853e-03
   5.105313e-02
   1.702780e-02
   1.200279e-02
   8.379259e-03
  -1.005925e-03
  -4.029693e-04
   8.752676e-03
  -8.466250e-05
  -1.364767e-02
  -2.929936e-03
   1.907090e-03
   2.249731e-02
   2.272186e-02
   8.433367e-03
   1.199961e-02
   5.207333e-03
   6.546208e-03
  -4.409975e-02
   1.656717e-02
  -1.134108e-02
   4.274971e-03
   1.298697e-02
  -1.044727e-02
  -2.952013e-03
  -1.804659e-02
  -1.542680e-02
   2.527668e-02
   1.685148e-02
   5.530921e-03
   3.231588e-02
   7.774345e-03
  -1.208015e-02
  -2.100973e-02
   1.545232e-02
   3.054258e-02
   2.075824e-02
  -8.235530e-03
  -2.459691e-03
   1.065869e-02
   1.256471e-02
   2.533092e-03
   1.751998e-02
   9.336760e-03
   7.530352e-03
  -1.670805e-02
   7.160602e-03
   2.334038e-02
   6.430379e-03
  -1.011705e-03
  -7.143159e-03
   2.368198e-02
   1.369877e-02
   1.847720e-02
   4.979333e-03
  -1.652616e-02
  -6.497416e-03
  -1.514779e-02
   2.910854e-03
   8.620109e-03
  -1.224475e-02
  -3.544685e-03
  -3.613103e-02
   1.453449e-02
  -1.394743e-02
  -1.448765e-02
   7.917097e-03
   1.228409e-02
  -8.017053e-03
  -8.127161e-03
  -2.101444e-02
  -1.146742e-02
  -3.359353e-02
  -6.304654e-03
  -4.940171e-03
   2.772544e-02
   1.499539e-02
  -4.749502e-03
  -1.253585e-02
  -1.921637e-02
  -1.814494e-03
  -1.273994e-02
   4.572902e-04
   2.504197e-02
  -2.844138e-03
  -4.275229e-02
  -8.773888e-03
   5.951362e-03
   8.636304e-03
   1.090761e-02
  -3.040869e-02
   9.457875e-03
  -5.497124e-03
  -8.018674e-03
   4.856923e-03
   4.059567e-03
   1.400289e-02
   4.008927e-03
   1.038823e-02
   1.869375e-02
   9.291884e-03
   4.758380e-03
  -1.891537e-02
  -1.831518e-03
   7.804384e-03
   7.283549e-03
   2.692187e-02
   2.773954e-03
   1.634891e-02
   8.716229e-03
   1.454928e-02
  -1.107656e-04
   1.426873e-02
   1.208688e-02
  -3.329709e-03
   2.132085e-03
  -7.364998e-03
  -9.219352e-04
  -3.273954e-03
   2.730595e-02
   1.058874e-02
   6.253928e-03
   1.629147e-02
   3.511586e-03
  -1.118294e-02
  -2.996592e-03
   1.021184e-02
  -1.052223e-02
  -2.517722e-03
   1.933017e-02
  -1.462470e-02
   4.942575e-03
   4.637609e-03
   2.406138e-03
  -3.940784e-03
  -1.831518e-03
   2.986433e-03
   5.134991e-03
   1.112153e-02
   1.307715e-03
   3.127739e-02
   1.224295e-02
   9.510967e-03
   2.544234e-03
   8.406482e-03
  -2.761336e-03
  -2.370067e-02
  -5.818921e-03
   7.758920e-03
   1.503754e-02
   2.202598e-03
   1.964953e-02
   3.854581e-02
  -1.277210e-02
  -6.331381e-03
  -5.200563e-04
  -9.498280e-03
   5.161426e-03
   1.279898e-03
  -2.698879e-03
  -1.831727e-02
  -2.157312e-02
  -1.621649e-02
   1.106365e-02
   1.732030e-03
  -2.177576e-03
   4.686879e-03
  -1.831518e-03
   5.774578e-04
   2.856224e-03
   2.869828e-03
  -1.946994e-02
  -6.266361e-03
  -5.328013e-04
   9.088898e-03
  -1.767498e-03
  -2.216840e-03
  -7.838040e-03
   1.004459e-02
  -2.728483e-02
  -1.601939e-02
   4.114442e-03
   1.993059e-02
   1.054377e-02
  -5.848412e-03
  -2.184231e-02
  -2.832483e-02
  -2.547585e-02
  -1.679184e-02
   3.186068e-02
   2.909929e-02
   3.264484e-03
  -1.282605e-02
  -2.563464e-02
  -1.894883e-02
  -4.860207e-03
  -1.777498e-02
  -5.490558e-03
   3.480881e-03
  -1.831518e-03
  -6.270300e-04
   6.400231e-03
   1.697150e-02
  -1.251600e-03
  -1.256360e-03
  -1.007380e-02
  -8.742929e-03
  -1.171774e-02
  -7.668303e-03
   2.262117e-02
  -7.645806e-04
   2.173190e-03
  -5.445723e-03
  -2.490967e-03
   1.286212e-02
  -4.792194e-03
   3.670194e-02
   1.004647e-02
  -1.019953e-03
   1.521850e-02
  -2.924048e-02
   1.310100e-03
   4.600810e-03
  -1.660696e-02
  -1.061679e-02
  -2.454658e-03
  -1.887525e-02
  -1.485782e-02
  -1.934685e-02
  -1.241871e-02
  -4.468913e-03
   1.027776e-02
   1.503168e-02
   1.829363e-03
  -3.764767e-03
   1.737292e-02
   7.952301e-03
   8.485884e-03
   7.839883e-03
   2.446896e-03
  -4.573141e-03
   1.811559e-02
  -7.308069e-03
   9.146701e-03
  -6.070729e-03
   1.526238e-03
   3.118950e-02
   1.787274e-02
   2.076858e-03
  -4.316934e-03
  -2.167392e-03
   2.075751e-02
  -1.900544e-03
   2.467811e-03
   9.110724e-03
   3.790125e-03
  -7.074537e-03
   7.613511e-03
   5.441835e-03
   1.201255e-02
   1.294290e-02
   2.688627e-02
   2.688627e-02
   5.523831e-03
  -1.062372e-02
   8.131546e-04
   1.411653e-02
  -8.761835e-03
   3.705337e-03
   1.905036e-03
  -1.659779e-02
   3.105956e-03
   5.205181e-03
   8.875724e-03
   3.452451e-04
   1.909513e-02
   3.562834e-03
   6.756661e-03
   1.754034e-02
   1.274430e-02
   2.260001e-02
  -1.286027e-02
  -5.712588e-03
  -2.110105e-03
   1.310849e-03
   1.932544e-04
  -6.242330e-03
   9.334188e-03
   5.014913e-03
   3.493415e-02
   4.067271e-03
   1.765290e-02
   4.023649e-03
   1.266882e-02
   1.545791e-02
   5.936158e-03
   2.852956e-02
  -2.069555e-03
   1.923519e-02
   1.017490e-03
   5.583181e-03
   1.202672e-02
  -2.271054e-03
   9.778183e-03
   8.803524e-05
  -1.471926e-02
   1.728453e-02
   1.933864e-03
   1.707243e-02
   4.397230e-03
  -1.073101e-02
  -1.500070e-02
   7.739132e-03
   5.235823e-03
   8.410400e-03
   2.394433e-02
   5.609161e-03
   7.883947e-03
  -7.942297e-03
  -8.755315e-03
  -1.713415e-02
   2.675462e-02
   1.966331e-02
   3.407585e-03
   6.965884e-03
  -1.452672e-02
   6.818644e-03
  -1.712568e-03
  -1.985650e-03
  -1.031728e-03
   9.600221e-04
  -1.452524e-02
  -1.037786e-03
  -2.720640e-03
  -1.429132e-02
   1.748387e-02
   1.132473e-02
   3.264927e-02
   2.519957e-02
   1.378437e-02
   1.236396e-02
   1.010386e-02
   3.993870e-02
   1.798466e-02
   4.835761e-04
   5.444146e-03
   1.017403e-02
  -2.483762e-02
  -3.762290e-03
  -1.534109e-03
   3.023796e-03
  -1.927900e-02
   2.024496e-02
   9.534274e-03
  -1.335704e-02
  -1.210362e-02
   5.832676e-03
  -5.066182e-03
   3.149827e-03
  -7.002553e-03
   8.664307e-03
   4.993368e-03
   7.347525e-03
  -1.954822e-02
   5.828702e-03
  -7.580168e-03
   1.621615e-02
   2.938702e-02
  -4.922237e-03
   1.639728e-02
   1.726005e-02
   1.435109e-02
   8.495174e-03
   7.914071e-03
   4.121990e-03
   2.294466e-02
   1.172510e-02
   1.174706e-02
  -7.562075e-03
   3.802350e-03
  -9.006002e-04
  -1.328189e-02
  -7.337392e-03
   1.858937e-03
   2.317799e-02
   4.494548e-03
   1.379876e-02
   3.045332e-03
   3.353462e-02
   4.726859e-03
   9.245840e-03
  -1.247853e-02
   3.070819e-02
   1.142702e-02
  -1.420499e-03
  -1.123284e-02
  -1.665199e-02
   3.146543e-02
   4.015545e-02
   3.146903e-02
   2.373796e-02
  -1.389423e-02
   1.018329e-02
   1.786479e-02
   2.669869e-02
   8.935262e-03
   4.319842e-03
   1.066406e-02
   9.882692e-03
   2.988862e-02
  -1.064158e-03
   9.632151e-03
   9.639427e-03
   2.468254e-02
  -2.296293e-02
  -6.734849e-03
  -4.602609e-03
   6.048616e-03
  -1.703313e-02
  -1.652411e-02
   8.210154e-03
   1.439836e-02
   1.047820e-02
   4.124300e-02
   2.511833e-02
   1.466976e-02
   2.415629e-02
  -7.310665e-03
   1.870020e-02
   1.177720e-02
  -1.455331e-02
   3.259571e-02
  -7.480981e-03
  -1.015575e-02
  -8.869834e-03
   1.165870e-02
   1.938525e-02
   2.339437e-02
   1.081397e-02
   4.727692e-03
  -1.274702e-02
   5.379585e-04
   3.780696e-03
   2.615099e-02
   5.294160e-04
   1.683179e-03
  -2.016242e-02
  -1.232789e-03
   6.228189e-03
   1.267847e-02
  -2.415168e-04
  -3.360092e-03
  -1.025656e-02
   7.225165e-03
   4.232105e-03
   2.627040e-02
   3.403799e-03
  -2.022613e-03
  -8.560811e-03
   2.039159e-02
  -5.603933e-03
   1.149650e-02
  -2.148912e-02
   1.055499e-02
   2.055840e-02
  -1.037795e-02
  -1.241369e-02
   5.814061e-04
  -7.070061e-03
   2.617823e-03
   1.632819e-02
   3.555277e-02
  -1.836081e-02
  -1.877047e-02
   6.243308e-03
  -4.014403e-04
   3.287616e-02
   5.331653e-03
  -1.205980e-03
  -9.480646e-03
  -2.870824e-02
  -8.244930e-03
  -3.928316e-03
   1.358181e-02
   1.612327e-03
   6.346341e-03
   1.331000e-03
   5.919980e-03
   1.344826e-02
   1.836424e-02
   6.638077e-03
   9.674225e-03
  -6.034399e-03
  -2.217349e-02
   1.798320e-03
   3.676582e-04
   3.650824e-03
  -6.354523e-03
   7.588412e-03
   1.015068e-02
   2.812278e-02
  -1.574476e-02
   4.986710e-04
   1.081841e-02
   5.904147e-03
   4.113572e-03
   2.158731e-03
  -7.594428e-03
   6.236739e-03
  -1.202675e-02
   1.898393e-02
  -1.863726e-02
   1.695512e-02
   1.334721e-02
   1.793614e-02
  -1.668646e-02
   1.786833e-02
  -2.571276e-04
  -2.442649e-02
   1.619481e-02
   1.227828e-02
   1.780125e-02
   2.053317e-02
   1.500026e-03
   3.719044e-03
  -1.216858e-03
   1.517062e-02
  -1.453350e-02
  -1.077477e-02
  -8.564645e-03
   5.101813e-03
  -2.926489e-03
   1.133004e-02
  -7.297407e-03
  -9.407159e-03
  -2.404765e-02
  -5.139262e-03
  -1.179280e-02
  -3.880687e-03
  -2.454057e-02
   1.169197e-02
   5.131497e-03
   1.962228e-02
   8.113481e-03
   1.163665e-02
   1.013038e-02
   1.016383e-02
   1.945155e-03
  -1.409646e-02
  -1.938872e-02
  -3.073953e-02
   1.470793e-03
   3.009945e-03
   7.134342e-03
   1.953612e-02
   1.324264e-02
   2.062741e-02
   2.589158e-02
  -2.114573e-02
   3.112037e-02
   1.951835e-02
   1.561196e-02
   2.430997e-02
  -3.548630e-02
  -3.902665e-03
   5.592104e-03
  -1.158411e-02
  -1.445072e-02
   9.379257e-03
  -1.164439e-03
  -2.041604e-02
   4.142338e-02
  -1.150665e-02
   1.238491e-03
  -1.222087e-02
   7.116369e-03
   3.427807e-03
   1.925584e-02
   2.424972e-03
   2.839971e-02
  -4.208179e-03
  -1.222300e-02
  -3.002163e-02
  -7.418206e-04
  -3.366910e-02
  -6.735510e-03
   6.400305e-03
   1.143793e-02
   2.008381e-02
  -2.906740e-02
   6.801858e-03
  -8.261478e-03
  -4.781851e-03
   2.718415e-02
   2.281772e-02
  -1.200496e-02
   2.692926e-03
   2.997883e-03
  -1.856814e-04
   1.778506e-03
   6.636113e-03
   3.305318e-02
  -6.960987e-03
  -2.311060e-03
  -1.683536e-02
   1.236004e-02
   2.116413e-02
  -1.518113e-02
  -2.429763e-02
  -7.085230e-03
  -1.516790e-02
  -1.378296e-02
   2.071049e-03
   4.726520e-03
   2.828132e-02
   1.308841e-02
  -7.874362e-03
   6.328224e-03
   1.135417e-03
   6.024976e-03
   1.264226e-02
   1.071779e-02
   3.468719e-03
  -4.842816e-03
  -1.717961e-02
   6.060959e-03
  -3.847750e-02
  -2.524123e-02
   6.690833e-03
   7.086200e-04
   8.029183e-03
   1.511432e-02
   6.559319e-03
  -1.674792e-02
  -4.563512e-02
  -2.271620e-02
   2.642881e-03
   4.387291e-02
  -5.089573e-02
  -1.813456e-02
   3.078554e-03
  -8.131230e-03
  -1.949893e-02
   1.328009e-02
  -1.288838e-02
  -1.242194e-02
   8.310400e-03
  -3.403482e-02
  -1.724499e-02
   3.892679e-03
  -1.421184e-02
   6.569167e-03
   3.949949e-04
   3.116655e-02
   1.198042e-03
   7.833809e-03
  -2.885233e-02
  -2.126638e-02
   2.521212e-03
   8.627666e-03
   4.860302e-02
  -2.154462e-02
  -6.709980e-03
  -9.037489e-03
   2.822906e-03
   2.066663e-02
  -2.395902e-02
   2.258016e-02
   6.250175e-03
   7.030963e-03
   7.473311e-03
   1.141829e-02
   7.767951e-05
  -1.713610e-02
  -1.927402e-02
  -2.251093e-02
   2.288524e-02
  -8.314908e-04
   9.071815e-03
  -9.884304e-03
  -9.967784e-03
   1.684423e-02
  -9.320652e-03
   1.256650e-02
  -1.562355e-02
   1.596183e-02
   3.348287e-02
   9.810881e-03
  -1.314055e-02
  -1.264314e-03
   6.284494e-04
   4.628058e-03
   9.359482e-03
  -2.717569e-02
   4.633537e-03
   6.029499e-03
  -6.896837e-03
   2.486326e-03
   2.554449e-02
   1.051958e-02
   1.169501e-02
  -2.947254e-02
   4.958074e-03
   4.122576e-02
   2.096773e-03
   6.484177e-03
  -1.795011e-02
  -2.023052e-02
  -5.267949e-03
  -2.286108e-02
  -1.016491e-02
   1.742756e-02
  -5.056311e-03
  -2.657004e-02
  -3.762057e-02
  -2.139705e-02
   1.756056e-02
   9.081511e-04
  -1.697919e-02
   2.089200e-02
  -3.225643e-02
  -2.043948e-02
  -1.292944e-02
   5.924583e-03
   1.138255e-02
  -1.448336e-02
  -2.765694e-02
   1.588401e-03
  -1.291848e-02
   1.913198e-02
  -2.320669e-02
  -3.478718e-02
  -2.779928e-03
  -1.261301e-02
   6.057696e-04
  -3.268137e-02
   1.083022e-02
  -2.241106e-02
  -2.356809e-02
  -2.239093e-02
  -8.654355e-04
  -1.837760e-03
   2.006387e-02
  -2.939819e-02
   2.011417e-02
  -1.537536e-02
  -3.967021e-02
  -1.712238e-02
  -3.271886e-02
  -1.035547e-02
   1.629923e-02
  -1.670561e-02
  -1.398043e-02
  -2.779769e-02
  -1.897729e-02
   2.061717e-02
  -4.882581e-03
  -1.621728e-02
  -3.932549e-02
  -7.329863e-03
  -4.349136e-02
   5.304205e-03
  -2.656526e-02
  -2.285173e-04
  -8.963198e-03
  -8.619066e-04
  -2.134910e-02
  -3.600500e-02
  -3.322137e-02
  -2.848493e-02
  -3.034309e-02
  -4.489968e-02
  -7.856282e-03
  -2.184703e-02
   1.436027e-02
  -8.816005e-03
   6.956923e-03
  -7.084799e-03
  -1.525114e-03
  -1.840353e-02
  -7.882097e-03
  -2.591039e-02
  -6.932850e-03
  -1.411739e-02
   1.167400e-02
   1.695231e-03
   1.373039e-02
   4.421431e-03
   6.453206e-03
  -6.177684e-03
  -5.441048e-03
   2.109083e-02
  -8.302432e-03
  -1.564965e-02
  -2.605068e-02
   1.842219e-02
   1.231070e-02
   1.097186e-02
  -9.035407e-04
   3.099298e-03
  -2.731231e-02
  -2.796421e-02
  -1.410694e-02
  -1.937923e-02
  -8.710499e-03
  -8.935758e-03
   1.485777e-03
   1.176618e-02
   9.572609e-03
  -1.839564e-02
  -9.331598e-03
  -4.428259e-04
  -1.538389e-03
  -1.013774e-02
  -4.002854e-03
  -2.657967e-03
   1.014634e-02
  -3.719649e-02
  -2.458115e-04
  -6.142141e-03
   1.668877e-02
  -1.464680e-02
   2.648152e-03
  -2.412018e-02
   4.840459e-03
  -1.010162e-02
  -4.696359e-02
   5.772560e-02
   9.058380e-03
   4.175860e-03
   1.829797e-02
  -3.409670e-02
   1.361301e-03
  -2.202223e-02
   2.286458e-02
  -9.799804e-03
  -4.922470e-03
   3.742893e-03
  -9.671848e-04
   7.805151e-03
   3.844120e-03
  -1.610970e-02
  -1.696281e-02
  -2.144060e-03
  -4.260586e-03
  -9.099308e-03
   2.954975e-02
   1.265100e-02
   1.106122e-02
  -2.490888e-02
  -5.749220e-02
  -2.767447e-02
  -1.451385e-03
  -1.025198e-02
  -8.608821e-03
  -2.673610e-02
   8.702336e-03
   1.736630e-02
  -1.943594e-02
  -8.107610e-03
  -3.610909e-02
  -4.739378e-03
   3.741226e-03
  -5.757353e-03
  -5.731547e-03
   1.899375e-02
  -8.669727e-03
  -3.388332e-04
  -1.153577e-03
  -1.741594e-03
   1.381125e-02
  -1.123092e-02
  -1.219284e-02
  -3.845677e-03
  -1.285466e-02
  -7.466158e-03
  -5.863372e-03
   7.713618e-03
   2.190170e-02
   7.783042e-03
  -1.731253e-02
  -1.031278e-02
   6.330916e-04
   2.307096e-02
   3.249762e-02
  -1.228646e-02
  -9.730502e-03
   2.095122e-02
  -1.080107e-02
  -3.152791e-02
  -4.003887e-02
  -3.268910e-02
  -6.606785e-03
  -1.656953e-02
   7.163669e-03
   1.488303e-02
   8.105100e-03
   2.786338e-02
   3.043119e-02
   7.518653e-03
   2.388588e-03
   3.370132e-03
  -1.076637e-03
  -2.930508e-02
  -1.799377e-02
  -2.769639e-02
  -1.775549e-02
  -7.399754e-03
  -5.994248e-03
   3.810353e-02
   2.844174e-02
   1.389200e-02
  -1.928577e-02
   3.372166e-04
   3.460003e-04
   9.103561e-03
  -1.548666e-02
  -6.793190e-03
  -1.168932e-02
  -1.150778e-02
  -9.663303e-03
  -1.991078e-02
  -4.575701e-03
   3.971056e-04
  -2.440531e-02
  -4.525921e-02
   1.449876e-02
   1.038101e-02
   1.855566e-03
  -2.405213e-02
  -3.078999e-03
  -2.406331e-03
  -2.161710e-02
   1.391017e-02
   6.416766e-03
  -1.359205e-02
  -2.780758e-03
   8.576740e-03
  -1.961775e-02
   1.524732e-03
  -4.881740e-02
   1.574991e-02
  -6.845622e-03
  -5.080623e-03
   6.857492e-05
   4.288625e-02
  -8.689868e-03
  -9.927758e-03
  -1.578553e-02
  -2.194217e-02
  -1.872582e-02
  -4.878396e-02
  -6.681061e-03
  -3.387621e-02
   3.275236e-03
  -1.071152e-02
  -6.609988e-03
   2.734644e-03
  -2.508989e-03
   1.028667e-02
   3.789024e-03
  -9.723397e-03
  -8.510450e-04
   1.900277e-02
   1.314720e-02
   1.111672e-02
   7.887096e-03
  -3.437618e-02
   3.244225e-03
   2.049276e-03
   3.882397e-03
   4.693272e-03
   1.323792e-02
  -2.475951e-02
  -2.918182e-02
   1.183733e-02
  -1.824555e-02
  -3.376271e-02
   1.200133e-02
  -6.231041e-02
  -3.996327e-02
  -2.328833e-02
  -3.580745e-02
   1.118813e-02
  -3.848435e-02
  -2.249781e-03
   5.127279e-04
  -6.673517e-03
  -1.576036e-02
   1.135734e-02
   1.447888e-02
   1.549509e-03
   4.525888e-03
   5.860295e-03
   1.135645e-02
   1.569714e-02
   1.171238e-02
   6.292790e-03
   6.127801e-03
  -2.786108e-02
  -2.494460e-02
  -7.506259e-03
  -1.357716e-02
   9.163915e-03
  -1.849077e-02
  -1.472089e-02
   5.750159e-02
  -2.826561e-02
  -1.962641e-02
  -1.236805e-02
  -2.624428e-02
  -2.668428e-02
  -5.846883e-02
  -4.146473e-02
  -4.263704e-02
  -5.374761e-02
  -6.437118e-02
  -2.955307e-02
  -1.155324e-02
  -7.349153e-04
  -1.369049e-02
  -3.257032e-02
  -1.251834e-02
  -6.345544e-03
   6.904723e-03
   3.102322e-03
   1.793523e-02
   5.810231e-03
  -1.652236e-03
   2.568004e-03
   4.751645e-04
  -3.364950e-02
  -2.608715e-02
  -2.799664e-02
  -1.362623e-02
   3.933150e-04
  -1.054113e-02
  -3.388967e-02
  -5.181759e-03
  -1.157057e-02
  -3.535707e-03
   2.058986e-02
   2.130585e-03
  -3.047845e-03
   9.985556e-03
  -7.076896e-03
  -9.780041e-03
  -3.333852e-02
  -1.135131e-02
  -2.203824e-02
  -1.643770e-02
   6.604908e-03
  -1.535297e-02
  -7.379470e-03
  -1.633141e-03
   2.449759e-02
  -1.137292e-02
   4.983453e-03
   3.934692e-02
  -1.620167e-02
  -2.247931e-02
   5.156298e-03
  -1.410002e-02
  -2.570369e-02
  -1.775788e-02
  -1.598892e-02
   6.951154e-04
   1.657670e-02
   1.609473e-03
  -7.414859e-03
  -3.276839e-02
  -9.662178e-03
  -1.235815e-02
  -1.340045e-02
  -8.735260e-03
  -1.493592e-02
  -1.689011e-02
   1.295163e-02
  -2.071974e-03
  -9.387512e-03
  -2.127376e-02
  -2.488226e-02
  -1.747381e-02
   3.009073e-03
  -2.081920e-02
  -1.048465e-03
   1.305665e-02
  -6.784028e-02
  -1.017660e-02
  -1.831204e-03
  -1.612990e-02
  -2.056400e-02
  -1.659072e-02
   2.406453e-03
   1.508775e-02
  -2.032634e-02
  -1.494899e-02
  -1.889628e-02
  -4.191325e-02
   1.620802e-03
   7.817179e-03
   3.257325e-03
   9.369655e-03
  -3.438953e-02
  -2.283429e-02
  -5.557399e-03
  -2.208416e-03
  -8.511931e-03
  -6.096014e-03
  -6.335205e-03
  -1.673757e-02
  -5.573832e-02
  -3.947395e-02
   2.241210e-02
   1.028715e-02
  -3.197924e-03
  -1.656409e-02
  -3.929496e-02
  -1.017868e-02
  -1.341948e-02
   4.831757e-03
  -1.693484e-02
   8.182158e-04
  -3.333370e-02
  -2.541826e-02
   5.972487e-03
   2.262826e-02
  -1.369388e-02
  -7.061431e-03
  -1.167487e-03
   4.089849e-03
  -1.267512e-03
  -4.787172e-03
  -5.588587e-03
  -1.523591e-02
  -9.666521e-03
  -3.632404e-02
   2.598368e-02
   1.397092e-02
   7.418644e-03
   7.353196e-03
  -2.879187e-02
  -2.804797e-03
   2.654867e-03
  -4.958369e-02
  -1.025010e-02
  -5.499765e-03
  -2.037779e-03
  -2.944253e-03
  -1.877154e-02
  -1.407541e-02
  -2.618150e-02
  -7.734854e-03
  -1.772716e-02
  -1.057649e-02
  -1.819307e-02
  -4.459065e-03
  -3.047930e-04
   3.435628e-03
  -1.369388e-02
  -1.037766e-02
  -5.772572e-03
   1.979377e-03
   7.620854e-03
  -2.091118e-02
  -3.468374e-03
   2.032019e-02
  -6.989533e-03
  -2.165679e-02
   1.854268e-03
   3.657013e-03
   1.686239e-02
  -1.025081e-02
  -3.705261e-02
  -1.140535e-02
  -1.210191e-02
  -2.950949e-02
  -8.329034e-03
  -6.689730e-03
   3.490827e-03
  -8.150089e-03
  -2.044520e-02
  -2.483404e-02
   3.826123e-03
  -4.344264e-02
   6.722989e-03
   1.594102e-02
  -2.440300e-02
   2.481517e-03
  -2.427801e-03
  -1.201658e-02
  -1.369388e-02
  -1.203577e-02
  -8.904171e-03
  -5.743376e-03
  -2.195668e-02
  -8.843573e-03
  -7.693912e-03
  -4.479430e-02
  -3.162227e-02
  -1.390929e-02
  -5.668323e-04
   8.636586e-03
  -2.233778e-02
  -1.266422e-02
  -2.437123e-02
  -1.703225e-02
  -1.014767e-02
   3.194771e-02
   1.125599e-03
  -1.642095e-02
  -3.449330e-02
  -2.499684e-02
  -3.002514e-02
  -5.269278e-04
  -2.808560e-04
  -6.925379e-03
   1.442489e-02
  -1.714953e-02
   8.609114e-03
  -3.125783e-02
  -1.547779e-02
  -1.274774e-02
  -1.369388e-02
  -1.286483e-02
  -5.287009e-03
   5.907970e-03
  -1.866750e-02
  -3.995377e-02
  -1.906245e-02
  -2.841386e-03
  -3.113099e-02
  -1.791259e-03
   2.583849e-02
  -1.572970e-02
  -4.804960e-03
  -1.606834e-02
  -3.073584e-02
  -2.885917e-02
  -9.043536e-03
   1.772223e-02
  -2.994621e-02
  -1.054015e-02
   1.474670e-02
   6.745377e-03
  -1.163988e-02
  -5.436191e-03
  -4.141763e-03
   1.597093e-03
  -2.404104e-03
  -2.259253e-02
  -2.575054e-02
  -2.246593e-02
  -1.897186e-02
  -1.585980e-02
   5.066999e-03
   1.078499e-03
  -2.998098e-02
  -8.376232e-04
  -9.733481e-03
   2.054362e-02
  -5.051463e-03
  -2.387317e-02
  -2.208703e-02
   3.862026e-02
  -3.959917e-03
  -2.484358e-02
   1.924927e-02
   2.182089e-03
  -1.063261e-02
   2.321879e-02
   6.924861e-03
  -1.159073e-02
  -1.372206e-02
   9.472887e-03
  -1.929548e-02
  -2.484647e-03
  -2.768704e-02
  -3.903118e-02
  -6.997387e-03
  -1.272785e-02
   2.356018e-03
   6.798415e-03
  -6.891777e-03
  -2.903300e-02
  -9.802728e-03
  -9.802728e-03
   9.055498e-03
   1.131361e-02
  -1.388374e-03
   3.946405e-03
  -9.365137e-03
  -1.817918e-02
  -4.586730e-03
   1.174391e-02
   8.726340e-03
  -7.547895e-03
  -2.518122e-02
   4.862899e-03
   5.955831e-03
  -4.541760e-02
  -1.536538e-02
  -1.820101e-02
  -2.128565e-03
  -4.061682e-02
  -3.904834e-02
  -8.228513e-03
   4.889909e-03
   2.234394e-02
  -4.154530e-02
  -9.013350e-03
   3.076687e-02
   3.956963e-03
  -2.179074e-02
   8.649761e-03
   1.559256e-03
  -2.057543e-02
  -8.191255e-03
  -1.003595e-02
  -1.561862e-02
   1.239766e-02
   9.167465e-03
   5.272804e-03
   4.080797e-03
  -6.986191e-03
  -6.860186e-03
   4.104755e-03
  -2.006883e-02
  -6.859441e-04
   2.555889e-02
  -2.671782e-02
   6.821475e-03
  -7.382556e-03
   1.278970e-02
  -3.738029e-03
  -2.462463e-03
   2.544546e-02
   2.498209e-02
   1.009276e-02
   1.069832e-02
  -1.532997e-02
  -1.115044e-02
  -3.174303e-02
   1.038669e-02
   1.957957e-02
   1.803780e-02
   5.544255e-03
   1.558262e-02
   1.014579e-02
  -1.379163e-02
  -1.211386e-02
   1.961457e-03
   2.730523e-02
   1.727108e-02
   1.534055e-02
  -8.725675e-03
  -5.646922e-03
   6.464203e-03
   3.160412e-02
   1.448525e-02
   1.176255e-02
   2.071559e-02
   2.078835e-02
   1.270281e-03
   1.434466e-04
   1.691461e-02
   1.774451e-03
  -1.158576e-02
   1.781994e-02
  -9.424427e-03
   1.291912e-02
  -9.266748e-03
  -1.659502e-02
  -1.929496e-02
  -2.991967e-02
   2.294334e-02
  -1.509270e-02
   4.172380e-03
   2.177593e-02
   9.953319e-03
   3.414666e-03
   1.573021e-02
   1.624756e-02
   2.423357e-02
  -2.816434e-03
   3.982105e-03
  -2.508333e-03
  -2.312989e-03
  -1.228900e-03
   6.759799e-03
   4.836405e-03
  -1.567919e-03
   1.253530e-02
   3.549871e-04
   8.627321e-04
  -5.640052e-04
  -1.022855e-02
  -1.487152e-04
   8.498147e-03
  -4.041808e-03
  -5.702832e-03
  -3.088662e-02
  -2.069501e-03
   2.274340e-02
  -1.016940e-03
  -1.951470e-02
  -1.903035e-02
   1.423709e-02
   6.205831e-03
  -8.031507e-03
   6.924674e-03
   6.420817e-03
  -2.217065e-02
  -1.903930e-02
   8.212118e-03
   3.839618e-02
   2.561946e-02
   8.139737e-03
  -5.182352e-03
  -8.370556e-03
  -2.151543e-02
  -1.757965e-04
   1.410550e-04
   2.982617e-03
   1.355978e-02
  -7.382813e-04
  -1.855514e-02
   5.839518e-03
  -4.913074e-03
  -1.577907e-02
   2.964608e-03
  -1.427139e-02
  -1.339170e-02
  -1.455508e-02
  -2.447117e-02
   8.849788e-04
   9.298556e-03
   1.598370e-02
  -2.910872e-02
  -6.708098e-03
   1.363173e-03
   8.560996e-03
  -5.153345e-02
  -2.439846e-02
  -1.385919e-03
  -8.638685e-03
   1.943051e-03
   2.418555e-02
   1.902167e-02
  -6.337289e-05
   3.914359e-03
  -4.471451e-03
  -1.211662e-02
  -1.809195e-03
   3.743944e-03
  -2.024427e-04
  -1.986222e-02
   2.684699e-04
  -1.409453e-02
   7.596981e-03
  -2.961951e-02
  -4.637553e-03
  -1.446997e-02
  -4.173698e-02
  -1.903750e-02
  -2.259952e-02
  -2.932953e-02
  -4.030877e-03
   3.024587e-02
   1.604115e-02
   1.893869e-03
  -1.332393e-02
  -4.849181e-02
  -2.229613e-02
   1.903910e-02
  -7.616581e-03
  -2.823571e-03
  -9.827641e-03
   9.488298e-03
  -2.918884e-03
   7.259990e-03
  -3.132925e-02
   3.127087e-02
   6.617958e-03
   3.386541e-02
   1.311691e-03
   5.124356e-04
  -2.558126e-03
  -7.984370e-03
   3.576891e-02
  -3.530469e-02
  -6.876622e-03
   2.390475e-02
  -8.002426e-02
  -2.362787e-02
   2.361063e-02
  -3.530641e-03
  -2.747596e-02
   3.785504e-02
  -2.527677e-02
  -1.329013e-02
  -5.884835e-04
   1.484017e-02
  -3.890253e-02
   4.606908e-02
  -2.423432e-02
  -1.007891e-02
  -2.228339e-02
  -1.625797e-02
  -5.383207e-03
   2.688832e-02
  -1.419924e-03
   1.588001e-02
  -7.078218e-03
   1.080228e-02
   1.159579e-03
   1.546849e-02
   1.138047e-02
   2.057225e-03
   2.724633e-03
   1.937700e-02
  -9.778884e-03
  -1.053382e-02
  -2.370352e-02
  -2.417897e-02
  -7.256927e-03
  -1.329957e-03
   3.216009e-02
  -3.203937e-03
  -8.467218e-03
   8.123979e-03
  -3.811365e-02
  -1.853704e-02
  -1.994512e-02
  -1.070644e-02
  -6.179258e-02
  -1.766152e-02
  -6.063079e-02
  -1.261461e-02
  -1.820228e-02
  -3.018528e-02
   3.355512e-03
  -2.249738e-02
  -8.887731e-03
  -1.927150e-02
  -3.646333e-02
  -1.001418e-02
   1.715488e-02
   1.167279e-02
   1.490248e-02
   1.683297e-02
  -7.977568e-03
   4.009423e-02
   1.515768e-02
   1.259221e-03
  -2.182674e-02
   3.738874e-03
   1.853130e-02
  -6.595126e-03
  -6.228294e-02
  -2.146527e-02
   8.874102e-03
  -5.015882e-03
  -9.718815e-02
  -2.799267e-03
  -2.634242e-02
  -5.787772e-02
  -4.059721e-02
  -4.287273e-02
  -1.683469e-02
  -1.562505e-02
  -2.473762e-02
  -1.473772e-02
   2.562066e-02
   2.744269e-03
   1.269484e-02
   4.365216e-03
   1.702171e-02
   2.723242e-02
   2.603562e-02
  -8.346712e-04
   1.019022e-02
   2.732045e-02
  -1.154594e-02
   1.925773e-02
   2.201072e-02
   2.223977e-02
  -2.918707e-02
  -6.232185e-03
  -1.834765e-02
   2.054905e-02
  -8.533608e-03
  -2.924830e-02
  -1.677811e-03
  -1.473438e-02
  -8.448005e-02
  -5.279709e-02
  -2.474757e-02
  -4.409117e-02
  -3.889505e-02
  -2.433577e-02
   3.606307e-03
  -1.742584e-02
  -5.038541e-02
  -1.613311e-02
  -2.609187e-03
  -8.216750e-04
   3.191056e-03
   1.741786e-02
   1.344366e-02
   2.033804e-02
   5.453661e-03
  -9.525656e-03
  -1.418922e-02
   1.243407e-02
  -1.701931e-02
   1.452203e-02
   3.138768e-02
   2.819194e-02
  -2.135131e-02
   8.964964e-04
  -4.912664e-04
   1.031634e-02
  -1.420819e-02
  -1.200695e-02
  -4.478630e-02
  -2.863117e-02
  -4.224480e-02
  -3.546574e-02
  -2.054584e-02
  -3.369006e-02
  -5.629604e-02
  -1.918159e-02
  -9.630507e-03
   5.058924e-03
  -1.905729e-03
  -2.159967e-02
  -1.910262e-02
  -1.642638e-02
   1.062194e-02
   8.717930e-03
   5.891412e-03
   8.025281e-03
  -1.503336e-02
  -2.685460e-02
  -2.029726e-02
   1.698770e-03
   3.084565e-02
  -3.520553e-02
  -4.305778e-03
  -4.240915e-02
  -3.188023e-02
  -1.695160e-02
   1.597735e-02
   1.089123e-02
  -4.660855e-02
  -6.107132e-02
  -2.164266e-02
  -4.444610e-02
  -1.863631e-02
  -2.087492e-02
   1.172002e-02
   4.285452e-02
  -2.150992e-02
  -1.746323e-02
  -2.800567e-02
   1.703510e-02
  -5.656147e-04
   1.952598e-03
  -1.362430e-02
  -1.617120e-02
  -1.132210e-02
   9.405081e-04
   1.916819e-02
   2.090503e-02
   1.746072e-02
  -2.639049e-03
   3.058929e-02
  -1.618738e-02
  -2.312618e-02
   3.137628e-02
   2.194236e-02
   3.238697e-02
  -1.743110e-02
  -5.280004e-02
  -7.857976e-03
  -5.214223e-03
  -2.220820e-02
  -2.144399e-02
   7.197261e-03
   1.747469e-02
  -4.787136e-02
  -4.111765e-02
  -1.736713e-02
  -2.202901e-02
  -3.086909e-02
  -2.368168e-02
  -2.994303e-02
  -1.351675e-02
  -2.290279e-02
   5.372105e-03
  -5.688443e-03
  -1.846292e-02
   2.965318e-02
   5.836027e-03
  -3.677109e-02
   2.326402e-02
  -1.293315e-02
   1.082011e-03
  -2.953546e-02
   2.964426e-02
  -1.344733e-02
  -8.593391e-03
  -5.541766e-02
  -1.151535e-02
  -1.447322e-02
  -2.035844e-02
  -5.434399e-03
   1.295919e-02
   1.840213e-02
  -9.693714e-03
  -8.006548e-03
  -3.167326e-02
  -2.214463e-02
  -3.645686e-02
  -1.804189e-02
  -1.197110e-02
  -5.964211e-03
  -2.567993e-03
  -3.581224e-02
  -1.825626e-02
  -2.057953e-02
  -6.640163e-04
   3.961347e-03
  -3.063756e-03
   3.608101e-04
  -1.323902e-02
  -1.888332e-03
   3.934947e-02
  -8.478582e-03
   7.443923e-03
  -7.666118e-03
   5.797395e-03
  -9.361535e-04
   3.115147e-03
  -1.868329e-02
  -5.314470e-03
  -4.680002e-03
  -8.726105e-03
  -2.298225e-03
   7.265828e-03
  -7.079354e-04
  -1.749197e-03
  -2.755856e-02
  -3.473762e-02
  -2.205914e-02
  -2.122977e-02
   7.858481e-03
  -1.849277e-03
  -3.484052e-02
  -2.795205e-02
  -1.391455e-02
  -1.645754e-02
  -9.065030e-03
   8.590008e-03
  -2.360556e-02
   1.961740e-02
  -5.032977e-03
   1.322108e-02
   8.693923e-03
   1.474902e-02
   3.637496e-02
   1.421388e-02
   6.246496e-03
   8.654563e-03
  -1.306923e-02
   1.652637e-02
  -3.747361e-03
   1.425523e-02
   9.793789e-03
   6.606376e-03
  -9.077848e-03
  -2.939736e-02
  -5.542944e-03
   7.690221e-04
  -3.674894e-02
   4.118928e-03
  -2.887303e-02
  -7.858840e-03
  -3.483852e-02
  -3.303068e-02
  -4.439227e-02
  -3.710571e-02
  -2.986660e-02
  -1.720182e-02
  -7.813059e-03
   2.465269e-03
   5.068752e-03
  -2.797264e-02
   1.763637e-03
  -6.589757e-03
   8.880923e-03
   7.690231e-03
   1.190972e-02
  -3.180565e-02
   9.783657e-03
   4.647694e-03
   1.037186e-02
  -1.352481e-02
  -1.626466e-02
  -3.298903e-03
   2.552390e-02
  -1.239378e-02
  -1.122218e-02
  -1.975213e-02
  -1.523416e-02
  -8.656030e-04
   1.716887e-02
  -3.074090e-02
  -3.098296e-02
   3.184109e-02
  -2.832217e-02
  -4.414355e-03
  -3.099274e-03
  -2.792063e-02
  -5.124431e-02
  -2.861721e-02
  -1.673930e-02
  -3.686292e-02
   1.502339e-02
  -8.024895e-03
   8.560250e-03
  -3.475399e-02
   2.572929e-02
   1.240337e-02
  -5.527543e-03
   1.683618e-02
   8.173586e-03
  -1.021930e-02
  -5.443331e-03
  -1.648255e-02
  -4.324196e-02
   3.111136e-02
   2.228705e-02
  -3.535486e-03
  -4.619420e-04
  -2.315482e-02
  -8.600469e-03
  -6.166149e-03
   1.360186e-03
  -2.277595e-02
   5.652447e-02
  -1.921459e-02
   1.394769e-03
  -3.035178e-03
  -3.530630e-02
  -5.069068e-03
   1.072337e-02
  -5.444648e-02
   6.335986e-03
  -1.041189e-02
  -7.087238e-04
  -1.112544e-02
  -2.893074e-03
  -1.434640e-02
  -2.303994e-02
   2.172150e-02
  -1.669237e-02
   5.479204e-03
   1.629381e-02
   1.592527e-02
   8.246699e-03
   1.425816e-02
   5.313831e-03
  -4.834628e-02
  -3.759996e-02
  -1.782765e-02
   9.145988e-03
   1.529455e-02
  -8.723128e-03
   2.931722e-02
   1.721398e-02
  -3.489280e-03
  -1.316903e-02
   9.055533e-03
  -4.962788e-02
  -2.745848e-02
  -1.061524e-02
   5.883445e-03
  -1.832847e-02
  -3.137666e-02
  -4.297696e-02
  -1.395340e-02
  -3.110982e-03
  -2.024269e-02
  -6.582018e-03
  -1.796812e-02
   3.502030e-03
   1.146822e-02
   6.759917e-03
   6.119560e-03
  -4.180333e-03
  -2.525180e-03
   5.178418e-03
   1.118603e-02
   1.529573e-02
   4.787232e-02
  -2.495716e-02
   8.616619e-03
   2.142685e-02
  -2.700526e-03
  -2.222502e-02
   2.378334e-02
  -8.341534e-04
   4.773889e-03
  -5.712956e-02
  -2.572234e-02
  -2.601149e-02
  -4.655562e-02
  -5.455156e-03
   1.901110e-02
  -1.585351e-02
  -1.890015e-02
  -9.664998e-03
   6.862159e-04
  -1.853143e-04
   1.019881e-02
   1.115142e-03
  -1.589484e-03
   1.064006e-02
   9.181117e-03
   2.550391e-02
   3.507698e-03
  -3.495437e-02
  -1.932048e-02
   3.806126e-03
   2.459334e-02
  -3.189256e-03
   1.373226e-02
  -3.004371e-03
  -7.025606e-02
  -2.394466e-02
  -1.152210e-02
  -6.639375e-04
   4.619856e-03
  -1.522596e-02
  -3.805038e-02
  -2.188387e-02
   2.344497e-02
   2.931735e-02
   1.496284e-02
  -6.104293e-03
   5.308685e-03
  -8.164833e-04
  -3.407536e-02
   2.253090e-02
  -5.709496e-03
  -8.515299e-03
   8.417544e-04
  -5.689306e-03
  -1.450121e-04
   1.556932e-02
   3.093290e-02
  -1.335799e-02
   1.736169e-02
   1.475617e-02
   1.750409e-03
  -1.754157e-02
  -2.482388e-03
  -1.080695e-02
   1.325034e-02
  -1.201530e-02
  -2.998913e-02
  -7.696048e-03
  -1.877927e-02
   6.373016e-03
  -9.259832e-03
  -2.663914e-02
   1.400728e-02
   1.097476e-02
  -1.833429e-02
  -2.757865e-02
  -2.996348e-03
  -3.923354e-02
  -1.820924e-02
   1.638981e-02
   1.273096e-02
   1.170504e-02
  -6.292741e-03
  -4.315254e-03
  -7.853261e-03
  -9.230703e-03
  -9.950509e-03
  -9.758156e-03
  -7.056044e-03
   7.714901e-03
   1.695713e-02
   9.669233e-03
  -2.600287e-02
   1.358056e-02
  -6.174368e-03
  -1.480010e-02
   8.097470e-03
   3.347760e-02
   6.426244e-03
   1.911542e-02
  -2.336534e-02
   3.304065e-02
  -8.549762e-03
   1.994682e-02
   1.697705e-02
   3.829669e-03
  -8.995382e-03
  -6.786391e-03
  -2.836153e-03
   3.510009e-02
   8.866490e-03
   2.129242e-02
  -2.866013e-02
  -9.974267e-03
  -4.801576e-03
   1.862278e-03
  -2.008628e-02
  -4.125401e-03
  -1.539209e-03
  -3.759539e-02
   8.277708e-03
   1.924821e-03
   1.379693e-02
  -8.927653e-03
   2.891103e-03
   5.707708e-03
  -8.489567e-03
  -2.500204e-02
  -2.667944e-02
   2.766880e-02
   3.101091e-03
   1.524561e-02
   2.352031e-02
  -1.528728e-02
  -2.739449e-02
   1.131741e-04
   3.628237e-03
  -3.637745e-03
  -1.354766e-02
  -4.865761e-02
   1.760887e-02
   5.738610e-03
  -2.717309e-03
   2.038552e-02
   2.977177e-03
   3.773321e-03
   1.014648e-02
   5.571145e-03
   2.542364e-02
   1.885119e-02
   1.144015e-02
   1.606815e-02
   1.684588e-02
   6.880668e-03
   5.430900e-03
  -7.575135e-03
   1.770363e-03
   1.030589e-02
   1.450812e-02
   4.170803e-02
   1.175401e-02
  -3.226858e-02
  -7.329160e-04
  -1.879200e-03
  -2.058798e-02
   1.850714e-03
  -1.238312e-02
   7.787199e-03
   1.060470e-03
  -2.106485e-02
   8.140692e-03
  -4.825461e-02
  -2.787962e-02
  -2.147129e-02
  -2.436682e-02
  -1.316397e-02
   1.720614e-02
   1.831705e-02
   3.146770e-02
  -1.514782e-02
   1.097339e-02
   1.561584e-02
   1.238048e-02
   1.282545e-02
   2.619178e-02
   3.321072e-03
   1.103442e-02
   1.212289e-02
   1.459599e-03
   2.221153e-02
  -2.673986e-03
  -3.940381e-02
  -1.662323e-03
   2.266283e-02
  -3.147893e-02
  -1.441512e-03
  -7.441487e-04
   1.979705e-02
   9.676030e-03
   1.273711e-02
  -1.069997e-02
  -2.535797e-02
  -1.972101e-03
   1.716133e-03
   7.340069e-03
  -4.289507e-03
   8.257425e-03
  -1.996332e-02
   1.062044e-03
   7.740509e-03
   1.887760e-02
   1.042540e-02
   3.250971e-02
   4.044986e-03
  -7.525865e-03
  -3.338597e-03
   2.034943e-02
   1.392300e-02
   2.326282e-02
   1.760756e-02
   1.743697e-02
  -1.098202e-02
  -8.011786e-03
   1.381598e-02
   2.211907e-02
   2.605009e-02
  -6.800816e-03
   8.714538e-03
  -4.094541e-03
   2.583583e-03
   1.855308e-02
   1.229988e-02
   5.006580e-03
  -1.208792e-02
  -6.744725e-03
   1.409301e-02
  -1.137651e-02
  -3.674583e-02
   9.659458e-03
   6.267886e-03
   4.992646e-03
  -7.294656e-03
  -1.407044e-02
   5.462116e-03
   2.061113e-04
   7.355289e-03
   1.066559e-02
  -2.598554e-02
   7.712224e-03
   1.041341e-02
   8.775543e-03
   5.387696e-03
  -1.022001e-02
   2.495072e-03
   8.203748e-03
   2.846149e-03
   5.027253e-02
   4.692749e-03
  -3.048896e-02
   1.770349e-02
  -2.693213e-02
   1.088347e-02
   2.431510e-02
   4.313987e-03
   4.420523e-04
  -1.032621e-02
  -2.701189e-02
   5.014259e-04
   1.442315e-02
  -1.186579e-02
   5.172938e-03
  -1.220851e-02
   8.884093e-03
   8.715414e-04
  -1.037130e-02
  -7.060319e-03
   4.387394e-03
   7.355289e-03
   9.010441e-03
  -8.487551e-03
   1.340744e-04
   1.177551e-03
  -7.349602e-03
   5.824651e-03
   2.059908e-02
   9.050814e-03
   8.627281e-03
   7.933301e-03
   3.677550e-02
  -2.706267e-02
  -1.413458e-02
  -3.384565e-03
  -1.245293e-02
   3.807035e-03
  -8.717265e-03
  -1.980109e-02
  -7.552885e-03
  -2.647077e-03
  -3.150674e-03
  -4.417740e-03
  -5.077936e-03
  -4.349024e-03
   2.111108e-03
  -4.423164e-03
  -4.772235e-03
   1.226803e-02
  -1.389143e-02
  -1.627177e-02
   2.001639e-02
   7.355289e-03
   8.182865e-03
  -1.523428e-04
  -8.370264e-03
  -2.055031e-02
   8.945359e-03
   4.661427e-03
  -3.626575e-03
   4.058288e-03
   2.145831e-03
  -1.651572e-02
   1.973127e-02
  -2.534485e-02
   3.599053e-02
   1.462518e-02
   1.208305e-02
   2.551486e-02
  -9.296299e-03
   2.293567e-02
  -8.205428e-03
   8.435225e-03
   2.020694e-02
  -9.943776e-03
   5.374604e-03
  -1.365838e-03
  -3.616058e-03
   5.771516e-04
  -6.052848e-04
   9.128485e-03
   2.885440e-03
  -3.125465e-03
   4.009937e-03
   7.355289e-03
   7.769077e-03
  -1.765248e-03
  -1.291248e-02
  -1.275722e-02
  -4.808874e-03
  -2.162489e-03
  -1.068158e-02
   7.802502e-03
   1.241348e-02
  -1.937552e-03
  -1.102885e-02
  -1.186421e-02
   1.264601e-02
   1.381171e-02
  -2.901019e-02
  -1.106911e-03
  -6.681244e-03
   3.038719e-03
  -6.995449e-03
  -1.581964e-02
  -1.811977e-02
  -1.403177e-02
  -4.593422e-03
  -5.123095e-03
  -1.578665e-02
  -1.685293e-02
  -6.423977e-04
  -1.510514e-02
   2.307735e-03
  -4.088646e-04
   1.800536e-03
   3.575043e-02
   2.705053e-02
   2.671047e-02
   2.449145e-02
  -8.132832e-03
   3.645128e-03
   3.104813e-03
   3.390697e-03
   3.611181e-03
   1.414179e-02
  -1.580301e-02
  -2.068213e-02
   2.231421e-02
  -1.493965e-02
   7.943288e-03
   2.222271e-02
   2.558875e-02
   1.923141e-02
   8.107052e-03
   1.059430e-03
   4.398576e-03
   2.517197e-02
   1.099008e-02
   4.145783e-03
   4.459825e-03
   6.182707e-03
   1.407647e-02
  -2.634783e-03
   4.377265e-03
   9.891968e-03
   1.229643e-02
   1.229643e-02
   4.445032e-02
  -3.449317e-03
   7.583634e-03
   8.239488e-03
  -9.712634e-03
   2.129707e-02
   2.044947e-02
   3.591052e-02
   2.952498e-03
  -4.082594e-03
  -1.713838e-03
   1.528057e-02
  -1.320725e-03
   1.325371e-02
   1.467771e-02
   9.867412e-03
  -2.567495e-02
   1.197549e-02
   4.030317e-03
   1.732713e-02
   4.689163e-02
  -4.236992e-03
   3.652495e-03
  -2.125767e-02
   3.050986e-03
   2.830115e-03
  -1.857656e-03
   2.144205e-02
   5.874611e-03
   2.470199e-02
   2.998564e-02
   1.783262e-02
   3.287017e-02
  -8.636440e-03
  -1.166104e-03
  -7.009319e-03
   1.778790e-02
   2.019015e-02
   2.148548e-02
   2.235492e-02
   1.577767e-02
   9.779308e-03
   1.764284e-02
  -4.633123e-03
   6.607087e-03
   7.336568e-03
   2.764642e-02
   1.107415e-02
  -8.491548e-04
  -2.651456e-02
  -7.997571e-03
   2.926641e-03
  -1.380906e-02
   1.121157e-02
  -4.407489e-03
  -1.530519e-02
  -3.309694e-03
   3.944423e-03
   1.954798e-03
   1.056570e-02
   1.131317e-02
   7.455926e-03
   2.542610e-02
   1.121580e-02
  -2.002094e-02
  -3.369217e-03
  -4.143846e-04
   3.292167e-03
   6.672352e-03
   1.525712e-02
   2.763360e-02
   1.624600e-02
   4.399997e-03
  -1.924751e-04
  -2.548119e-03
   1.918986e-02
   3.158196e-02
   1.808732e-02
   1.663202e-02
   1.540133e-02
  -1.309218e-02
   2.231897e-02
   3.766993e-03
   1.618607e-02
   1.386405e-02
   9.918982e-03
   7.798490e-03
   1.635818e-02
  -4.929000e-03
   3.332385e-02
   2.407493e-03
  -2.436299e-02
   4.646788e-03
   7.638270e-03
   3.512825e-03
  -2.074019e-02
  -3.232635e-03
  -1.584328e-02
   2.935374e-05
   1.634572e-02
  -8.957033e-03
   1.890885e-02
   5.754582e-02
  -1.083112e-04
  -1.686517e-02
  -1.240109e-02
  -2.951678e-02
   8.820287e-04
   1.589941e-02
   1.679875e-02
   1.789411e-03
  -1.713670e-02
   1.218437e-02
   1.827868e-02
   2.033270e-02
   8.734764e-03
   2.529813e-03
   6.569635e-03
   9.324293e-03
   2.085619e-02
  -8.590187e-03
   1.477794e-05
  -1.285677e-03
  -1.871921e-03
  -5.376547e-03
   1.493754e-02
   1.738453e-02
  -2.620992e-02
   9.954797e-05
  -9.294669e-03
   3.492699e-03
   1.974341e-02
   1.163287e-02
   2.757224e-02
   1.555139e-02
   3.219070e-02
   7.511225e-03
  -1.167759e-03
   2.756573e-03
   1.297301e-02
   1.433490e-02
   7.921426e-03
  -9.136424e-03
   3.019365e-02
   8.118388e-03
   1.717557e-03
  -1.045929e-02
  -1.198739e-02
  -7.557988e-03
   4.505451e-03
  -2.806201e-03
  -1.601647e-02
  -9.001525e-03
  -2.188237e-03
  -1.695291e-02
  -3.996244e-03
  -1.326695e-02
  -8.279046e-03
   9.382053e-03
   1.221071e-02
  -1.900446e-02
  -1.372493e-02
   8.726550e-03
   2.870401e-02
   8.172849e-03
   1.281003e-02
   3.322722e-03
   1.926710e-03
   1.588713e-02
   3.882997e-02
   8.749690e-03
   6.348186e-03
   5.217798e-02
  -2.437812e-02
  -1.238552e-02
  -7.157492e-05
  -1.802286e-02
  -9.067545e-03
  -6.702994e-03
   7.227878e-03
  -2.527983e-02
  -3.243972e-02
  -1.779913e-02
  -1.815147e-02
  -9.211206e-03
   7.911802e-03
   1.023764e-02
   1.846277e-02
   1.602278e-02
   3.768140e-02
  -5.209009e-03
  -9.020827e-03
   2.741621e-02
  -1.287566e-02
   1.643442e-02
   3.205685e-02
   5.549327e-03
  -3.283228e-03
  -1.699724e-02
   3.025170e-03
   1.358267e-02
   2.183572e-02
  -1.293597e-02
  -2.817741e-03
   1.337960e-02
  -7.957543e-03
   1.494241e-02
   3.074990e-03
  -5.645862e-03
   5.607692e-03
  -1.451302e-02
   6.750483e-03
  -1.368408e-02
  -1.207768e-02
  -1.230658e-02
  -1.454155e-02
  -1.636171e-02
  -2.495157e-02
  -3.704125e-03
  -2.099321e-03
   2.121389e-02
  -1.116975e-02
   1.293634e-02
  -1.067895e-02
  -3.401479e-03
  -7.960517e-03
   2.542483e-03
   1.588350e-02
   1.661972e-02
   8.425213e-03
   1.193914e-02
   2.534969e-02
   1.629775e-03
  -1.142613e-02
   1.333795e-03
   6.704337e-03
   1.211572e-02
   1.153882e-02
  -1.451642e-02
  -1.051147e-02
   2.284215e-04
  -6.425381e-03
  -2.659513e-02
  -1.167790e-02
  -7.779088e-03
  -1.029572e-02
  -4.807959e-03
  -1.754862e-02
   1.237375e-02
   2.154242e-02
  -5.146717e-03
  -1.101407e-02
  -4.614092e-03
  -1.424142e-02
  -1.681585e-02
   4.573300e-03
   1.388976e-02
   1.026133e-02
  -2.250712e-02
  -3.847071e-02
  -2.513539e-03
   3.199282e-04
  -1.063734e-02
   2.333858e-02
  -2.098713e-02
  -2.787914e-02
  -1.327267e-02
   1.016063e-02
   2.237298e-02
   4.028446e-02
  -8.348083e-03
  -3.083287e-02
  -3.441237e-02
  -1.114159e-02
   5.781552e-03
  -1.518905e-02
   2.024716e-03
  -1.651814e-02
  -8.474169e-03
   1.219884e-02
  -3.341033e-02
   3.891476e-03
   1.088903e-02
  -8.457347e-03
  -3.803168e-04
   8.791379e-03
   1.386807e-02
  -2.144223e-03
  -6.346360e-03
   2.349565e-02
  -9.768513e-03
   4.239008e-03
   1.729641e-02
   6.005379e-03
  -7.683384e-03
   3.728665e-02
   4.855147e-02
  -1.014452e-03
   5.328688e-03
   2.483786e-02
  -7.509642e-04
   3.108848e-02
   1.028348e-02
   1.946508e-03
   2.091423e-02
  -9.510178e-03
  -3.023572e-02
   2.312562e-03
  -2.052099e-02
   7.658082e-03
  -2.476941e-02
  -2.480314e-02
  -1.667105e-03
  -6.852412e-03
  -1.606133e-02
  -2.524700e-02
   2.758793e-03
  -2.531228e-03
   8.217144e-03
   1.648483e-02
  -3.269852e-02
  -1.413560e-02
  -7.540767e-03
  -1.650879e-03
   1.349825e-02
   1.030597e-02
  -1.598859e-03
  -7.069737e-03
   1.426920e-02
  -4.989165e-03
   1.076402e-02
  -8.908136e-03
   1.682286e-02
  -1.912771e-02
   2.032934e-03
  -1.897436e-03
   5.595668e-03
   4.668773e-03
  -4.524474e-02
   1.068353e-02
   1.510852e-03
  -1.822833e-02
  -1.611311e-02
  -4.899331e-02
  -2.285145e-02
  -1.357269e-02
  -1.157505e-02
  -1.836792e-03
  -1.008668e-02
   1.836920e-02
   5.046898e-03
  -2.903929e-02
  -7.687339e-03
  -7.844226e-03
   1.281810e-03
   1.550095e-02
   2.804150e-02
   5.767977e-03
   3.322294e-02
  -4.049850e-04
  -2.226564e-02
  -5.885830e-03
   3.030992e-02
  -9.632327e-03
   3.595269e-03
   1.672140e-03
   1.494303e-02
  -9.671751e-03
  -1.302888e-03
  -1.604235e-02
  -2.403750e-02
  -1.836249e-02
  -8.056756e-03
   2.996053e-04
   2.753860e-02
   9.293930e-03
  -1.357917e-02
   7.751820e-03
  -1.482938e-02
  -6.371662e-03
  -1.873833e-02
  -6.077724e-03
  -1.702696e-02
  -1.313328e-02
  -4.562914e-04
  -1.083578e-02
   7.554200e-03
   3.433137e-02
   1.864137e-02
   4.428797e-02
   1.146673e-02
  -5.507501e-03
  -2.745214e-02
   2.471300e-02
   3.304599e-03
  -1.599534e-02
  -1.707367e-03
   7.277967e-03
  -4.364712e-03
  -2.022421e-02
   3.224285e-02
  -1.523799e-02
  -4.364562e-02
  -2.572663e-02
   3.570618e-03
  -5.509295e-05
  -8.531983e-04
  -1.919182e-02
  -1.125124e-02
  -1.856297e-02
  -4.372548e-02
   1.056190e-03
   3.340788e-02
   1.732555e-02
   6.208684e-03
   6.666403e-03
   1.198472e-02
   2.805530e-02
  -7.046594e-03
   7.961341e-03
  -4.465576e-03
  -2.315107e-02
  -5.372627e-03
  -2.568489e-02
   3.396857e-02
   1.256506e-02
  -7.347490e-03
  -1.167141e-02
  -6.689390e-03
  -9.547081e-03
  -3.107850e-02
  -4.054421e-02
   2.347992e-02
  -3.350685e-02
  -2.182841e-02
  -2.222907e-02
   3.908657e-03
  -5.042626e-02
  -1.170449e-02
  -2.457920e-02
  -1.016930e-02
  -2.176521e-02
   7.382893e-03
   2.091403e-02
   2.716095e-02
   1.416325e-02
   1.786975e-02
  -3.964834e-02
   3.007801e-03
  -1.171435e-02
  -3.779015e-02
  -3.157795e-02
   9.754292e-03
  -1.619062e-02
  -2.208650e-02
   4.312563e-02
   1.665118e-02
  -1.073832e-03
   3.237850e-03
  -2.662164e-03
  -7.168942e-03
  -7.698402e-03
  -1.484984e-02
  -5.772619e-03
   5.708493e-03
   3.021700e-03
   1.854900e-02
   2.822061e-02
   1.681351e-02
  -4.941244e-03
   1.487145e-02
  -5.725119e-02
  -1.495639e-02
  -4.198206e-02
   2.479928e-02
   5.664744e-03
   3.423427e-03
  -5.703241e-03
  -2.608448e-02
  -2.206446e-03
   2.874503e-03
  -2.177699e-02
  -2.567639e-02
  -1.746202e-02
  -2.098997e-02
  -1.577948e-02
   1.929885e-04
   1.657531e-02
   2.363414e-02
  -4.356396e-03
   1.813487e-02
   4.470705e-04
  -1.162581e-02
   5.549932e-03
  -3.786812e-03
  -2.088811e-02
  -2.943234e-02
   3.531046e-03
  -2.983877e-02
   2.055386e-02
  -2.419499e-02
  -4.481866e-03
  -1.664545e-02
   4.391822e-02
  -4.048186e-02
  -3.405048e-02
  -1.648995e-02
  -2.871907e-02
  -1.342875e-02
  -2.929874e-02
   1.849256e-02
  -2.672545e-02
  -4.749635e-03
  -1.445508e-02
  -1.830091e-03
   1.074294e-02
   1.696358e-02
   6.315903e-03
   2.206261e-02
   1.735687e-02
   3.477110e-02
   3.269093e-05
   1.612404e-02
   1.668338e-02
   1.626695e-02
  -2.468604e-02
   1.504077e-02
  -2.648884e-03
  -1.483333e-02
  -1.735754e-02
  -5.115224e-02
   1.496451e-02
  -3.056694e-02
  -2.695803e-02
  -1.376833e-02
   2.279185e-02
  -2.901169e-03
   6.147367e-03
  -2.798951e-02
  -1.500137e-02
  -4.769806e-03
   1.851188e-02
  -4.001116e-02
  -1.735372e-02
  -1.237377e-02
  -1.683863e-02
   2.206817e-02
   7.610363e-03
  -1.241016e-02
   4.080321e-03
   8.473163e-03
  -3.981563e-03
   2.942861e-03
  -2.196095e-02
  -2.396258e-02
   5.863943e-03
  -7.295709e-03
  -2.408979e-03
  -3.350974e-02
   1.008513e-02
  -3.197249e-02
  -6.975617e-03
  -2.850682e-02
  -6.896153e-03
  -1.596676e-02
  -1.477514e-02
   1.158645e-02
  -2.869314e-02
  -3.186532e-02
  -1.534940e-02
   1.598822e-02
   1.790311e-02
  -9.160996e-03
   3.899616e-03
   2.347959e-03
   1.467544e-02
   2.174229e-03
   1.672223e-02
   5.930010e-03
   1.004050e-02
  -1.631552e-02
  -1.679723e-04
   1.173128e-02
   1.322304e-02
   4.951022e-03
  -1.312837e-03
  -3.343686e-02
  -4.588030e-02
  -2.132418e-04
   1.588884e-02
  -4.677079e-02
  -2.175739e-02
  -9.163864e-03
  -4.512647e-02
  -4.900328e-02
  -3.948032e-02
  -2.855667e-02
  -4.252705e-02
  -1.965772e-02
  -1.431349e-02
  -7.816122e-04
  -3.627152e-02
  -5.262421e-03
  -8.803954e-03
  -8.322895e-03
  -1.867821e-03
  -1.276906e-02
  -2.045583e-02
   2.557670e-04
  -3.130611e-03
  -1.694831e-02
   6.590072e-03
  -8.614626e-03
  -4.391299e-03
   9.188453e-03
   5.304370e-03
  -9.651247e-03
  -4.612503e-02
  -1.845806e-02
   1.690995e-02
  -1.525579e-03
   4.861375e-02
   2.399135e-03
  -2.286499e-02
  -3.282885e-02
   1.791034e-02
   5.983916e-03
  -7.346518e-02
  -4.080748e-02
  -4.560139e-02
  -1.648937e-02
  -8.121475e-03
  -2.813323e-02
  -1.298770e-02
  -1.898575e-02
  -8.813929e-03
  -2.821336e-03
   9.721058e-03
  -6.446747e-03
  -2.109677e-02
   1.723684e-03
  -8.293546e-03
  -2.225253e-02
   2.667803e-02
  -1.611843e-02
   6.221921e-03
   2.022538e-02
  -6.498386e-03
  -2.735344e-03
  -2.667612e-02
  -1.118028e-02
   1.097727e-03
   1.623016e-02
  -2.145564e-02
   2.179336e-02
   5.389063e-03
  -2.310436e-02
   1.764431e-03
  -3.297383e-02
  -9.092564e-02
  -4.156862e-02
   4.167673e-03
  -1.611607e-02
  -2.056401e-02
  -2.079542e-02
  -7.723291e-03
  -3.329025e-02
  -3.151815e-02
  -3.869579e-03
  -2.943250e-02
  -1.642220e-03
  -1.136949e-02
   1.924213e-02
  -9.514730e-03
  -6.061363e-03
   2.010782e-02
  -1.592617e-02
   2.517204e-02
   2.089101e-02
   2.770667e-02
   3.249171e-02
   3.909678e-03
   2.251605e-02
  -1.756892e-02
  -4.922316e-03
  -8.232719e-03
   1.679803e-03
   4.573225e-02
  -4.355455e-02
   1.048732e-02
  -4.871802e-02
  -5.648603e-02
  -3.083914e-02
  -1.567858e-02
  -5.470123e-02
  -3.109220e-02
  -2.676117e-02
  -9.638444e-03
  -3.473121e-04
  -2.015779e-02
  -9.687911e-03
   4.977373e-03
  -2.211901e-02
  -2.273003e-02
  -2.509033e-02
  -1.644298e-03
  -1.064865e-02
  -3.190473e-03
  -2.895517e-02
  -1.093803e-02
  -9.244565e-03
   4.167492e-03
  -1.978209e-02
  -1.269293e-02
  -2.324027e-02
  -2.920975e-02
   1.976912e-02
   1.428056e-03
   3.699898e-03
  -1.117670e-02
  -2.082737e-02
  -4.023604e-02
  -2.940178e-02
  -4.294390e-02
  -7.398780e-02
  -1.016105e-01
  -6.710441e-02
  -1.614439e-02
  -5.179182e-02
  -3.218247e-02
  -2.751378e-02
   7.103017e-04
   9.780590e-03
  -1.831140e-02
  -6.969218e-02
  -3.470159e-02
  -1.748796e-02
  -8.361216e-03
  -3.169848e-02
  -8.793184e-03
  -3.162857e-02
   3.527622e-02
  -6.543762e-03
  -3.013821e-02
   3.238751e-02
   1.076760e-02
   1.260821e-02
  -1.978305e-03
  -4.362860e-03
  -9.524079e-03
   4.608621e-03
   1.965004e-02
  -4.306731e-02
  -2.697254e-02
  -2.000523e-02
  -4.903684e-02
  -1.205577e-01
  -6.973904e-02
  -4.952470e-02
  -5.908553e-02
  -3.459492e-02
  -3.978582e-02
  -6.867907e-02
  -3.785952e-02
  -1.898237e-02
  -2.221700e-02
  -2.028632e-02
  -3.629286e-03
  -1.521809e-03
  -4.691574e-03
  -9.558467e-03
  -8.371757e-03
  -7.196687e-03
   2.169208e-02
   1.536929e-02
  -1.009047e-02
   4.265423e-03
  -4.692167e-03
  -2.910952e-02
   3.535298e-02
  -2.053953e-02
  -1.314804e-02
  -4.950755e-03
   8.754770e-03
  -4.611200e-03
  -4.034518e-03
  -3.641357e-03
  -1.264056e-02
  -5.589037e-02
  -7.565877e-02
  -3.694510e-02
  -3.971915e-02
  -2.216641e-02
  -1.851452e-02
  -2.115101e-02
  -4.560978e-02
  -2.886817e-02
  -2.935724e-02
   1.439318e-02
   1.552733e-02
  -4.233067e-04
   6.751956e-04
  -4.586685e-03
  -6.763621e-03
  -1.047850e-02
  -1.207881e-02
  -4.182021e-03
  -2.985838e-02
  -1.815449e-02
  -1.515949e-02
  -1.006935e-02
   4.370883e-03
  -1.217098e-02
   7.643182e-03
  -2.001837e-02
  -3.569112e-03
   5.562682e-04
   5.418338e-04
   2.503364e-02
   3.170120e-02
  -2.518687e-02
  -2.539482e-02
  -6.161169e-02
  -8.555932e-04
  -5.456763e-03
  -4.225702e-02
  -2.745317e-04
  -7.236874e-03
  -2.118918e-02
  -2.440755e-02
  -8.681139e-03
  -1.572103e-02
   9.768264e-03
   1.995983e-02
  -2.699848e-03
  -2.246759e-02
  -1.117789e-02
  -5.534679e-02
  -1.359658e-02
   1.873908e-02
  -1.652242e-02
  -2.772195e-02
  -2.739622e-02
  -2.313087e-02
  -1.862276e-02
  -1.637928e-02
  -1.769813e-02
  -9.989546e-03
  -1.048063e-02
  -1.938805e-02
  -2.914664e-02
  -2.933443e-02
  -7.717478e-03
  -1.610528e-02
  -2.842894e-02
   8.035463e-03
  -3.721584e-02
  -8.567867e-04
   3.422719e-03
  -2.113461e-02
  -2.424410e-02
  -1.329058e-02
  -8.989160e-03
  -9.249431e-03
  -1.435897e-04
  -1.005544e-02
   1.806538e-03
  -5.817344e-03
  -6.341511e-04
  -2.125058e-02
   3.270163e-04
   3.582820e-02
  -2.983451e-02
   3.819391e-02
   4.094090e-03
  -5.087537e-02
  -3.354076e-02
  -3.683941e-02
  -1.758680e-02
  -8.210317e-03
  -9.596458e-03
  -6.684473e-03
  -2.756283e-02
  -2.026116e-02
  -1.604695e-02
  -2.879893e-03
  -1.169877e-02
  -3.787458e-03
  -1.577783e-02
   1.296861e-02
   2.102105e-02
  -3.028415e-02
  -2.256803e-02
  -2.960196e-02
  -2.016483e-02
  -1.274905e-02
  -1.435897e-04
  -5.099516e-03
  -1.646489e-03
  -3.114681e-03
  -1.880209e-03
  -7.770796e-03
  -2.563329e-03
  -2.839741e-03
  -1.592031e-02
   1.113680e-02
  -2.525253e-03
  -2.206029e-02
  -2.782548e-02
   2.864383e-02
  -2.600498e-02
  -1.964365e-02
  -1.077694e-02
  -2.082470e-02
  -5.415905e-02
  -3.443630e-02
  -3.332929e-02
  -2.299912e-02
  -1.053106e-02
  -8.192725e-03
  -2.493517e-02
  -1.976733e-02
  -1.676140e-02
  -1.844547e-02
  -6.141894e-03
  -3.298338e-02
  -2.190336e-02
  -8.832894e-03
  -1.435897e-04
  -2.621553e-03
  -2.134021e-03
  -3.640390e-04
   9.166977e-03
  -8.513037e-04
   3.020574e-05
  -5.549812e-03
  -1.508669e-02
   2.634104e-03
  -3.271610e-03
  -5.856429e-03
   7.481744e-03
  -3.268016e-02
  -1.308973e-02
   1.545522e-02
   6.957057e-03
   1.373183e-02
   1.201975e-02
  -2.999572e-02
  -2.613943e-02
  -3.278818e-02
   7.663886e-04
  -2.084432e-02
  -1.447483e-02
  -2.028033e-02
  -2.929277e-02
  -2.036018e-02
  -9.528022e-03
  -2.290220e-02
  -1.257696e-02
   7.074676e-03
  -1.435897e-04
  -1.382571e-03
  -2.963674e-03
  -5.374431e-03
   6.329182e-03
   1.519500e-02
  -4.842437e-04
   2.050694e-03
   1.899750e-02
   1.775791e-02
  -4.699389e-02
   2.641900e-02
  -1.658217e-02
  -1.946377e-02
  -9.128988e-03
   2.479022e-02
   1.053284e-02
  -1.833513e-02
  -4.155926e-02
  -2.918650e-02
  -1.600452e-02
  -1.666131e-02
  -7.947463e-03
  -8.812266e-03
   2.354981e-03
  -1.758638e-02
  -2.125461e-02
   6.106334e-03
  -1.307275e-02
  -7.962149e-03
  -1.026955e-02
  -1.597439e-03
