   4.802664e-03
   1.377010e-02
   2.991555e-02
  -9.980310e-03
   1.245030e-02
   1.780564e-02
   4.025047e-02
  -4.648003e-03
   5.616766e-02
   1.971433e-02
  -1.846240e-02
   3.736027e-02
   2.330432e-02
  -2.740469e-02
   1.819719e-02
  -1.165943e-02
  -1.648606e-03
  -4.836189e-03
   3.115372e-03
  -2.428912e-02
   1.328408e-02
   2.949666e-02
   2.143259e-02
   3.338397e-02
   1.723067e-02
   1.828348e-02
  -8.679723e-04
   8.073665e-03
   1.265119e-02
   9.235259e-03
   1.395580e-02
   1.395580e-02
  -4.164775e-03
   1.163614e-02
   2.091881e-02
   2.368309e-02
   1.418796e-02
   9.357394e-03
   1.293084e-02
   3.628481e-03
   2.096439e-02
   1.172562e-02
   4.053424e-02
   1.641276e-02
   3.894259e-02
   2.915607e-02
   2.970639e-02
   2.184479e-02
   2.665204e-02
   2.606418e-02
   3.847142e-02
  -6.409286e-05
  -1.437458e-02
   3.277436e-02
   1.417144e-03
   1.719863e-02
   2.454670e-05
   8.919143e-03
  -4.534225e-03
   5.578104e-03
   2.064465e-02
   1.422947e-03
  -8.769177e-03
   8.836844e-03
  -6.773780e-04
   1.202582e-02
   1.844047e-02
   1.930372e-02
   2.531553e-02
   1.105331e-02
  -1.512991e-03
   1.068286e-02
   5.015381e-02
   2.438265e-02
   1.126852e-02
   7.791890e-03
   5.597104e-02
   2.241064e-02
   4.962750e-02
   4.825738e-02
   1.539862e-02
   2.197646e-02
   2.701619e-02
   1.209308e-02
   7.490511e-04
   4.776526e-02
   7.226052e-03
   3.103647e-02
   1.681833e-02
   2.190277e-02
   1.202201e-02
  -1.593626e-02
  -2.909385e-03
   4.141711e-02
   8.453639e-03
   2.132390e-02
  -1.587107e-02
   1.210989e-02
   1.863104e-02
   2.534275e-02
   1.926787e-02
   1.478991e-02
   4.716192e-03
  -9.537860e-03
   2.054549e-02
   6.851133e-03
  -1.415316e-02
   4.011452e-03
   1.947012e-02
   2.384964e-02
   3.820950e-02
   1.365471e-02
   2.357113e-02
  -6.196331e-03
  -2.628606e-03
   2.067118e-02
   2.980653e-02
   2.025951e-02
   6.716643e-03
   1.562515e-02
   1.430954e-02
   4.343463e-02
   1.052666e-02
  -3.436953e-02
   2.890063e-02
   2.873241e-02
   1.615072e-02
   2.538273e-02
   1.205869e-04
   8.966892e-03
   1.753395e-02
   2.500392e-02
   1.843148e-02
   1.404855e-02
   1.512571e-02
  -1.144600e-02
   2.175884e-02
  -3.370458e-03
   1.334370e-02
   1.507343e-02
   1.576790e-02
   1.530829e-02
   8.579096e-03
   7.822183e-03
   4.563199e-02
   2.056628e-02
   2.226317e-02
   2.337277e-02
   2.697667e-02
   1.820062e-02
  -1.624415e-02
   2.153615e-02
   2.776338e-03
   4.887467e-02
   2.101952e-02
  -1.917689e-03
  -1.655750e-02
   2.846119e-02
  -2.581981e-02
  -4.296223e-05
   2.520644e-02
  -9.739529e-03
  -1.317441e-04
  -8.189652e-03
   8.103365e-03
  -4.083226e-03
   3.304215e-02
   2.815187e-02
   2.029240e-02
   2.682357e-02
  -6.669623e-03
   2.786514e-02
   1.321975e-02
   1.448572e-02
  -2.702358e-02
   4.393451e-03
   1.808778e-02
   2.698253e-02
   3.635427e-02
   2.016213e-02
   3.107831e-02
   4.181044e-02
   3.746865e-02
   3.121585e-03
   1.724266e-03
   7.455272e-03
   1.557494e-02
  -1.979320e-02
   6.602224e-03
   2.420450e-02
  -2.881634e-03
   1.788204e-02
   1.632146e-03
  -5.976364e-03
   2.576325e-03
   1.060780e-02
   2.625486e-02
   4.296316e-03
   2.554059e-02
   2.807850e-02
   4.435318e-03
  -7.742238e-03
   2.870971e-03
   1.230803e-02
   2.138643e-02
   8.379760e-03
  -3.291598e-02
  -8.094878e-03
   4.237896e-03
   3.292180e-02
   2.877657e-02
   2.994634e-02
   3.536400e-02
   7.589086e-02
   4.208052e-02
   1.288207e-02
  -6.456131e-03
  -4.807340e-03
   3.504602e-02
   1.066927e-02
   2.434417e-02
   4.228232e-02
   5.958054e-04
   2.381895e-02
   1.119423e-02
  -9.821709e-03
   5.805607e-03
  -2.414570e-03
   1.479633e-02
   6.262203e-02
   3.674539e-02
   6.780435e-03
   1.531659e-02
   3.473401e-02
   1.358772e-02
   4.741487e-02
   2.175729e-02
   5.753747e-03
  -4.355204e-04
  -4.773584e-03
  -5.790354e-03
   3.463858e-02
   1.588386e-02
   3.602343e-03
   2.987468e-02
   1.050001e-02
   9.392519e-03
   6.061220e-03
   2.068538e-02
   2.060729e-02
  -2.927834e-03
  -6.753206e-03
   3.782287e-02
   2.816541e-02
   3.136296e-03
   3.238599e-02
   5.946154e-02
   2.503942e-02
   2.597575e-02
   4.425007e-03
   2.253008e-02
   3.141035e-02
   9.078926e-03
   2.121148e-02
   2.368860e-02
   4.209236e-02
   1.156756e-02
   1.312167e-02
   1.247412e-02
  -1.117401e-02
  -1.311836e-02
  -2.881965e-03
  -3.085023e-02
   9.160127e-03
  -5.981447e-03
   6.620077e-03
   2.357731e-02
   3.124967e-03
  -2.107168e-02
   2.053142e-02
   1.345232e-02
   1.622544e-02
   1.687655e-02
   2.000591e-02
   3.639605e-02
   4.705627e-02
  -1.352440e-02
   2.722602e-02
   2.538378e-02
   1.077858e-02
   1.403550e-03
   1.697098e-02
   2.113352e-02
   2.165522e-02
   8.498928e-03
   3.045634e-02
   1.613397e-02
   1.951229e-02
   1.553993e-02
   1.255837e-02
  -6.901720e-02
  -4.467334e-03
   6.373698e-03
   3.721432e-02
   1.319543e-02
   1.478413e-02
  -5.230186e-03
   2.223933e-02
   3.423717e-02
  -5.057740e-04
   1.267100e-02
   2.016314e-02
   2.795713e-02
   2.816458e-02
  -3.180077e-03
   1.396849e-02
   1.255971e-02
  -1.781782e-03
   8.351060e-03
  -9.459235e-03
  -2.593000e-02
   3.220392e-03
   1.948182e-02
  -1.580124e-02
   3.057260e-02
   2.557808e-02
   2.021875e-02
   3.960295e-03
   5.515444e-03
  -1.471309e-03
   1.920320e-02
   9.058909e-02
  -2.165589e-02
  -7.231325e-02
  -1.485115e-02
   1.535839e-02
   3.294014e-03
   4.201113e-02
  -2.017208e-02
   1.922654e-02
  -5.929737e-03
   4.108342e-04
   5.209831e-02
   1.631435e-02
   1.987924e-02
   1.261874e-02
   1.159744e-02
   2.507964e-02
   1.656100e-03
  -2.332707e-03
   5.773106e-03
   1.395073e-02
  -1.525527e-02
   2.937144e-02
   2.329890e-02
   3.748833e-03
   2.345935e-02
   5.119374e-02
   9.106557e-03
   8.320208e-03
   4.074337e-02
   5.268362e-02
  -2.784490e-02
  -1.416260e-03
   5.445264e-02
   2.194604e-04
  -9.465253e-03
  -3.459041e-03
  -3.761240e-03
  -2.177911e-02
   6.771169e-02
  -1.302151e-02
  -2.555497e-02
  -1.287257e-02
   5.615870e-03
   1.009634e-02
  -1.693391e-04
  -9.166316e-03
   8.597510e-03
   6.035777e-03
   1.485393e-02
   1.433056e-02
   3.123341e-03
   6.595345e-03
  -4.317363e-03
   1.993086e-02
   2.104345e-02
   9.567839e-03
   8.322246e-03
   3.393243e-02
   2.722977e-02
   2.102047e-02
   1.626556e-02
   7.465667e-03
   9.421891e-03
   2.192533e-02
   3.818898e-02
   1.630681e-02
  -1.376407e-02
  -1.627026e-02
   6.899173e-03
  -7.946429e-03
  -2.926859e-04
  -1.115859e-02
  -2.899211e-02
  -1.202682e-02
  -2.685859e-02
   1.176056e-02
   2.500426e-04
   1.987651e-02
   2.592314e-02
   2.598447e-02
   3.206665e-03
  -1.498077e-02
  -9.324962e-03
   2.427118e-03
  -5.524061e-03
   3.362589e-02
   1.227779e-02
   5.156822e-03
   5.353719e-02
   1.851755e-02
   3.637479e-02
   3.226636e-02
   2.767861e-02
   1.053261e-02
   1.831497e-02
   5.713551e-02
   4.530245e-02
   4.058287e-02
   3.007045e-03
   1.843950e-02
   2.278141e-02
   1.102612e-02
   5.915531e-03
   7.498318e-03
   3.649524e-03
   2.061601e-02
   2.795788e-03
   3.523677e-03
  -5.142115e-03
  -1.465669e-03
   1.569180e-02
   1.429374e-02
   1.440882e-03
   2.439605e-02
   5.240502e-03
   1.001097e-02
  -1.541686e-02
  -1.193493e-03
  -2.201315e-03
   4.400165e-02
   4.669888e-02
  -2.245160e-02
   1.702976e-02
   2.273838e-03
  -2.062602e-02
   2.183886e-02
   2.607255e-02
   4.160403e-02
   4.345324e-02
   3.258615e-02
   2.986823e-02
   2.691112e-02
  -2.717355e-02
   2.335397e-02
   5.515893e-02
  -5.321422e-03
  -1.909375e-02
   1.426894e-02
   1.390206e-02
   4.020995e-03
  -5.046017e-04
  -1.464052e-02
  -3.314513e-02
   1.405781e-02
   7.749346e-03
  -2.236592e-03
  -4.120047e-03
  -8.084523e-03
   2.683532e-02
   2.128276e-02
  -3.383961e-02
   1.328733e-02
   2.181644e-02
   4.852004e-02
   2.300303e-02
   2.479361e-02
  -3.037611e-03
   7.137630e-02
   2.451224e-02
   3.633381e-02
   2.305458e-02
   1.644024e-02
   1.271214e-02
  -8.172058e-03
  -5.429552e-03
   3.968195e-02
   2.748002e-02
   2.046902e-02
   2.693088e-02
   2.975099e-02
   2.551707e-02
  -8.371534e-04
   5.900819e-03
   8.366341e-03
   2.142694e-02
   1.132147e-02
  -1.828538e-03
  -3.697172e-02
   1.040844e-02
   3.014243e-02
  -3.600726e-02
   3.956187e-03
  -4.730017e-03
   1.569337e-02
   7.477178e-03
   1.537255e-02
   2.570162e-02
   4.906662e-02
   1.892505e-02
   3.160845e-02
  -2.391213e-02
   4.288517e-02
  -4.008958e-03
   2.900476e-02
   1.650237e-02
   1.579701e-02
  -6.889833e-03
   3.984947e-02
   3.110674e-02
  -1.564422e-03
   3.950529e-03
  -1.551735e-03
   1.499591e-02
   3.076001e-02
  -5.352173e-03
  -1.021296e-02
   1.143331e-02
  -1.520342e-03
   1.058675e-02
   1.367504e-02
   4.813356e-03
   2.356800e-03
  -4.357436e-03
   9.172443e-03
   3.541303e-03
  -1.128454e-02
   1.975783e-02
   2.534794e-02
   1.536427e-02
   2.183460e-02
   2.366831e-02
   2.664752e-02
   4.617486e-02
   9.807756e-04
   2.657191e-02
  -9.169877e-03
   8.495577e-03
   1.534184e-02
   4.635487e-02
   2.428989e-02
   5.642280e-03
   1.132276e-02
  -5.051647e-03
  -3.746895e-03
   5.109377e-02
   1.070398e-02
   1.800229e-02
   9.462705e-03
   3.603961e-02
   3.196758e-03
   1.191080e-02
   1.479415e-02
  -2.373452e-03
   1.974045e-03
   2.729239e-02
   2.791858e-02
   2.100733e-02
   1.305280e-02
   2.125105e-02
   3.106872e-02
   8.822761e-03
  -7.607944e-04
   1.142791e-02
   1.137620e-02
  -1.000071e-02
   2.905679e-02
   4.523267e-02
  -2.828237e-02
   1.688030e-02
  -9.280110e-03
   4.554962e-02
   5.312927e-03
   3.732291e-03
  -6.783698e-03
   3.993433e-02
   1.364435e-02
  -7.110871e-03
   4.558879e-02
   2.071657e-02
   9.938594e-03
   9.493003e-03
   6.506076e-03
   1.906555e-02
   2.328814e-02
   3.600472e-02
   5.938785e-03
   9.174775e-03
  -8.942839e-03
  -4.498249e-03
   2.123735e-02
  -1.160895e-02
   3.026206e-03
  -1.038115e-02
   1.424516e-03
   1.479132e-02
   3.152153e-02
   2.956354e-02
  -4.630675e-03
   6.580880e-03
   7.686438e-03
   1.696610e-02
   1.599011e-02
   1.263957e-02
   1.550301e-02
   1.075766e-02
   3.322939e-03
   7.806705e-03
   1.830593e-02
   2.653929e-02
   2.685858e-02
  -2.956233e-03
   5.202651e-02
  -2.572374e-02
   2.428082e-02
   2.139095e-02
   2.519391e-02
   2.144272e-02
   2.223107e-03
   6.355509e-03
   7.417696e-03
  -1.258864e-02
   1.512726e-02
   4.785540e-03
   3.905873e-03
   1.993381e-02
   5.559982e-03
   1.523079e-02
   1.726355e-02
   1.565417e-02
  -1.238017e-02
   2.708060e-03
   6.550641e-03
   3.334725e-02
   2.348285e-02
  -1.436327e-02
   4.033615e-03
  -2.218795e-02
   1.511096e-03
   2.424248e-02
   3.762973e-02
   2.261629e-02
   3.826248e-02
   1.431446e-02
   3.363717e-02
  -1.935589e-03
  -2.562641e-03
   1.497174e-02
   3.465382e-02
   1.203588e-02
  -2.414350e-03
   2.474055e-03
   1.400703e-02
   2.545048e-02
   3.673308e-02
   1.083830e-02
   1.665117e-02
   6.627672e-02
  -4.678381e-03
   2.330830e-02
   2.580534e-02
   2.816977e-02
   1.003420e-02
   1.350959e-02
   2.648536e-02
  -1.502772e-03
   3.438992e-03
  -3.736950e-03
   2.389683e-03
   3.902191e-03
   4.199319e-02
   1.925838e-03
   1.108761e-02
  -4.843722e-03
   3.755626e-02
   2.322262e-02
   3.603409e-02
   1.014464e-02
   2.724130e-02
   6.404806e-03
   1.330089e-02
  -5.538673e-03
  -3.976512e-03
   3.640655e-02
   2.068590e-02
   2.025219e-02
   2.547930e-02
  -9.134791e-03
  -1.441620e-02
   2.958675e-03
   2.063037e-02
   1.409445e-02
   2.934894e-02
   8.076444e-03
   1.083759e-02
   1.361132e-02
   3.437778e-02
   6.303664e-02
  -4.487157e-03
  -8.831264e-03
   6.872384e-03
  -6.586167e-03
  -3.504963e-03
   3.811129e-02
   1.164198e-02
  -3.541281e-02
   2.097707e-02
   4.985661e-03
   2.799610e-02
  -6.424874e-03
   2.815035e-02
  -7.905537e-03
   4.677626e-03
   2.274362e-03
   2.916412e-03
  -2.502506e-03
   4.645357e-03
   1.547352e-02
   1.938635e-02
  -9.043724e-04
  -3.590296e-03
   8.782757e-03
   3.964211e-02
   2.847949e-03
   6.941951e-02
   1.966272e-02
   6.664212e-02
   6.312559e-03
   2.232318e-02
   3.437603e-02
   1.683429e-02
   2.314221e-02
   2.130955e-02
   3.509620e-02
   1.579562e-02
   2.231382e-02
   1.024773e-02
   1.097722e-02
   2.803004e-02
   4.744936e-02
   2.660923e-02
   3.725374e-02
  -4.722130e-03
   3.666284e-02
   1.634153e-02
   7.684133e-03
   1.045139e-02
   2.824102e-02
   6.792675e-03
   1.761019e-02
   2.923251e-02
   9.293928e-04
   1.857829e-02
  -8.885154e-03
   1.301367e-02
  -2.939575e-02
   4.645315e-03
  -2.608781e-02
  -8.463449e-03
  -5.987841e-03
   1.422634e-02
   2.220113e-02
   1.800103e-02
   1.354238e-02
   5.209930e-02
   2.647842e-02
   1.847581e-02
   2.510065e-02
   2.457451e-03
   6.025240e-03
   1.220384e-02
   2.136833e-02
  -6.262286e-03
   3.793159e-02
   2.442585e-02
   1.753084e-02
   1.952498e-02
   2.323275e-03
   1.288980e-02
   3.166316e-02
   1.208142e-02
   1.383067e-02
   7.332800e-03
   7.052572e-03
   8.039489e-03
   1.605957e-02
   9.816252e-03
  -9.195986e-03
  -5.136801e-03
  -1.085973e-02
   3.560331e-02
   6.071614e-03
   4.181090e-02
   3.162029e-02
   4.516714e-02
   1.423789e-03
  -7.068003e-03
  -7.760255e-03
   6.528536e-03
   2.243133e-02
   1.090772e-02
  -3.535371e-03
  -2.075249e-03
   8.565005e-04
   2.542781e-02
   1.592965e-02
   4.006809e-02
  -8.496163e-03
   2.470255e-02
  -3.080581e-02
   3.475060e-02
   1.385117e-02
  -3.960808e-03
   7.936607e-03
  -2.106478e-02
   1.190860e-02
   1.461066e-02
   4.244837e-02
   1.938775e-02
   6.999676e-03
   1.425117e-02
   4.265879e-02
   3.074700e-02
   1.397889e-02
  -3.692470e-02
   1.730200e-02
   2.662829e-02
   1.741572e-02
   2.654795e-03
  -6.169336e-03
   8.192526e-03
   1.673185e-02
   1.466763e-02
   2.364819e-02
   1.670830e-03
   2.228678e-03
   5.613468e-02
   1.036306e-02
   3.236767e-03
   3.761456e-04
  -2.464639e-03
  -5.835284e-03
  -2.190101e-02
   1.472103e-02
   1.559088e-02
   4.294135e-02
   1.952673e-02
   2.926261e-02
  -3.953838e-03
   1.707036e-02
   1.271656e-02
   6.899957e-02
   1.248303e-02
   9.265663e-03
   1.019685e-02
  -2.896351e-03
  -8.988997e-03
  -1.328378e-02
   2.110028e-02
   4.334181e-02
   6.440802e-03
   2.544995e-02
   2.037721e-02
  -8.191307e-03
   5.388617e-03
   1.870423e-02
   3.794379e-02
   1.464749e-02
  -2.011990e-02
   1.882947e-02
   1.633607e-02
   9.228618e-03
  -4.818235e-03
   3.183033e-02
   4.206636e-03
   1.389517e-02
   1.306930e-02
   5.123843e-03
   7.737972e-03
   1.849087e-02
   1.112525e-02
   2.590908e-02
   4.953163e-02
   2.165159e-02
  -1.164509e-02
   1.797579e-02
   3.671077e-03
   1.379193e-02
   1.714884e-02
   3.554967e-02
   2.771481e-02
   1.348680e-02
   2.722738e-02
   2.414390e-02
   5.594948e-02
   1.480022e-02
  -3.626089e-03
   1.093902e-02
   1.773892e-02
  -5.678682e-03
   1.955024e-02
  -2.142068e-03
   1.605725e-02
   1.305504e-02
   1.390955e-02
   1.264823e-02
   5.505781e-03
   1.389517e-02
   1.348223e-02
   9.303039e-03
  -8.154055e-04
  -1.948723e-02
   1.883871e-02
   7.902428e-03
  -1.063205e-02
   7.161906e-03
  -2.241591e-03
   1.429556e-03
  -1.103119e-02
   3.724414e-02
  -8.198078e-03
   2.707289e-02
   3.031941e-02
   2.050910e-02
   1.944524e-02
  -1.205122e-02
   2.092649e-02
   1.506878e-02
   5.479774e-03
   7.827541e-03
   1.915763e-02
   3.018663e-02
   3.776881e-02
   1.875788e-02
   3.849027e-04
   1.302475e-02
   5.863518e-03
  -7.795177e-03
  -3.375253e-04
   1.389517e-02
   1.368870e-02
   1.149587e-02
   5.496485e-03
   2.007289e-02
   1.762849e-02
  -2.506031e-03
   1.403625e-02
   1.046617e-02
   1.124503e-02
   1.015214e-03
   2.331336e-02
   2.749695e-02
   1.408738e-02
   1.374559e-02
   9.567317e-03
   1.878494e-02
   2.735026e-02
   2.673464e-02
   2.473891e-02
   2.661969e-02
   4.996634e-03
  -4.266262e-03
  -1.708914e-02
   9.435013e-03
   1.374506e-02
  -1.493462e-02
  -3.622019e-03
  -1.942803e-02
   1.430577e-02
   4.657044e-03
   7.460540e-03
   1.389517e-02
   1.379193e-02
   5.506797e-03
  -8.767413e-03
   1.449682e-02
   3.218499e-02
   1.156148e-02
  -1.315018e-02
   1.267199e-02
   3.574033e-02
   2.703896e-02
   4.297728e-04
   1.924548e-02
   1.252922e-02
   4.254786e-03
   1.558341e-02
   6.571237e-04
   5.176486e-02
   2.446047e-02
   1.997503e-02
   1.072571e-02
   1.109664e-02
   3.415190e-03
   5.111998e-04
   1.520755e-02
   2.271103e-02
   2.136579e-04
   1.404614e-02
   1.758831e-02
   1.862901e-02
   1.164303e-02
   9.551783e-03
   2.852304e-03
   8.821816e-05
   2.041505e-03
   1.921435e-03
  -5.137817e-04
   1.329813e-03
   1.776250e-02
   1.116538e-02
   3.813479e-02
  -1.365644e-03
   1.755463e-02
   6.484258e-03
   1.468892e-02
   4.920057e-03
   2.650544e-03
   4.009823e-02
   2.762178e-02
   8.893404e-03
   1.564041e-02
   6.365554e-03
   1.518631e-02
  -5.253202e-03
   1.186436e-02
   2.055906e-02
   1.883872e-02
   2.176369e-02
   2.091631e-02
   6.105401e-03
  -1.859161e-03
  -5.456735e-03
   1.162092e-02
   1.162092e-02
   5.616389e-03
   2.196095e-02
   2.172792e-02
   4.270843e-02
  -1.084848e-02
   3.032384e-02
   3.271344e-02
   3.883543e-02
   3.803452e-03
   3.825297e-02
  -1.434472e-02
   4.804036e-02
  -1.015730e-02
  -3.482839e-03
   1.217915e-02
   9.518660e-03
   3.139916e-02
   2.587474e-02
   3.166227e-02
   1.203120e-02
  -1.934229e-03
   1.077508e-02
   2.028721e-02
   2.941562e-02
   1.419340e-02
   1.748346e-02
   2.582015e-02
   3.555864e-02
  -6.226148e-03
   6.418178e-03
   9.340472e-04
   1.255497e-02
   2.855955e-03
   2.020519e-03
   2.020081e-02
  -3.416867e-04
  -5.071127e-03
   2.306157e-02
   4.393199e-02
   3.268409e-02
   4.895776e-02
   3.778458e-02
   2.614302e-02
   2.469866e-02
   2.277462e-02
   3.874321e-03
   4.003023e-02
   1.860016e-03
   3.023801e-02
   1.770047e-02
   2.635720e-02
   2.323015e-02
   2.945832e-02
   2.712559e-02
   1.691970e-02
   1.631126e-02
   1.313460e-02
   8.156608e-03
   2.713687e-02
   1.834071e-02
   3.765642e-02
   3.023726e-02
   1.948720e-02
   2.510995e-02
   8.372970e-03
  -1.667372e-03
   1.176610e-02
   1.676487e-02
   9.540786e-03
   1.664874e-02
   1.802140e-02
  -9.888211e-04
   2.172158e-02
   1.941166e-02
  -7.815321e-03
   2.909382e-02
   4.590702e-03
   2.064274e-02
   4.532647e-02
   2.122828e-02
   1.172227e-04
   2.000331e-02
   5.782828e-03
   2.507390e-02
  -2.993523e-03
   2.535516e-02
   7.824503e-03
  -9.715277e-03
   1.387712e-02
   1.452799e-02
   1.011646e-02
   5.148797e-03
   2.601238e-02
   1.658573e-02
   7.412838e-03
   2.289294e-02
  -1.889031e-03
   1.738153e-02
   1.942972e-02
   2.914151e-02
  -2.214991e-02
   1.734388e-02
   1.249370e-02
   5.430491e-02
  -5.008008e-03
   2.595582e-02
   3.083377e-02
   1.936453e-02
   1.311173e-02
   2.877947e-02
   1.266820e-02
  -4.178783e-03
   3.440408e-02
   2.989573e-02
   3.527980e-02
   8.990370e-03
   8.134193e-03
   1.973782e-02
  -1.261575e-03
   8.081526e-03
   4.347379e-02
   7.992134e-03
  -6.347798e-03
  -1.405337e-02
   1.013097e-02
   2.680439e-03
   5.849970e-03
   2.315607e-02
   1.931985e-02
   3.769037e-02
   2.751598e-02
   2.542784e-02
   1.933362e-02
   4.563868e-02
  -6.428260e-04
   1.507417e-02
   1.969038e-02
   2.987177e-02
   2.983025e-02
  -1.833987e-03
  -2.877666e-04
   4.336482e-02
  -1.925438e-02
   2.179463e-02
   3.148012e-02
   2.123182e-02
   9.510015e-03
   1.260907e-02
   2.460056e-02
   4.672349e-02
   3.123636e-02
   2.344298e-02
   2.211167e-02
   1.233543e-02
   2.971550e-02
   1.634992e-02
   6.854616e-03
   8.142813e-03
   9.121275e-03
   9.505652e-03
   5.050349e-03
   1.660261e-02
   1.666157e-02
   3.051946e-03
   2.841789e-02
  -1.204654e-03
   2.822119e-03
   7.961176e-03
   3.882358e-02
  -2.437127e-02
   4.858813e-03
   1.631206e-02
   3.536933e-02
   1.365618e-02
   3.361351e-02
   3.121660e-02
   3.824167e-02
   1.404142e-02
   1.109161e-02
   6.723717e-03
   3.093550e-02
   2.606515e-02
   3.617614e-02
   5.122692e-02
   9.194475e-03
  -2.563385e-02
  -5.211946e-03
  -1.634143e-02
   1.170744e-04
   1.025899e-02
   2.731002e-02
   1.309184e-02
   2.003212e-02
   7.067109e-03
   1.947576e-02
   5.373649e-02
   1.332928e-02
  -4.533495e-03
   5.174780e-03
   2.947068e-02
   2.410860e-02
   4.031529e-03
  -2.335797e-03
   1.065397e-02
   2.256197e-02
   2.307333e-02
   3.410453e-02
   2.881631e-02
   2.112780e-02
   3.435867e-02
   1.409128e-02
   2.310975e-02
   9.697029e-03
   2.603115e-02
   2.194320e-02
  -1.783700e-02
   1.440254e-02
   5.120248e-03
   1.381278e-02
   2.976926e-02
  -3.038736e-04
   2.394875e-02
  -1.739021e-03
   1.570020e-02
  -3.628611e-03
  -5.350203e-03
  -1.066887e-02
   7.980598e-03
   2.632002e-02
   1.681838e-02
   2.866860e-02
   3.212928e-02
   1.273680e-02
   2.028485e-03
   3.477930e-02
  -4.414665e-03
   2.115126e-02
   5.607577e-02
   3.563909e-02
   2.515439e-02
  -4.798144e-03
   5.231268e-02
   5.514407e-02
   3.049534e-02
   3.258168e-02
   3.212649e-02
   4.340251e-02
   4.589805e-03
   8.858698e-03
  -1.742551e-02
   7.428850e-03
   2.754926e-02
   1.402439e-02
   1.690070e-03
   1.880160e-02
   3.383546e-02
   1.647204e-02
  -4.117452e-03
   1.399595e-02
   3.371273e-02
  -1.283459e-02
   2.155994e-02
   3.351497e-02
   1.955111e-02
  -7.319179e-03
   1.287437e-02
   2.382683e-02
   2.060117e-02
   4.398333e-02
   4.419536e-03
   3.112868e-02
   4.096033e-02
   1.252700e-03
   3.934083e-02
   3.258619e-02
   1.323220e-02
   5.755266e-02
   2.649061e-02
   2.591478e-02
   3.839627e-02
   3.828911e-02
  -1.386658e-02
   3.716338e-02
   2.646544e-02
   1.861921e-02
   3.071944e-02
   1.275519e-02
  -5.754274e-03
  -3.231282e-03
  -5.301771e-03
   2.924313e-03
   9.823723e-03
   1.153184e-02
   4.874102e-02
  -1.092785e-02
   1.348931e-02
   5.095810e-02
   8.988636e-03
   1.335662e-02
   1.900917e-02
  -9.825927e-03
   2.548382e-02
   2.614571e-02
   1.256373e-03
   1.387729e-02
   7.121175e-02
  -1.192771e-02
   1.916805e-02
   6.854998e-03
   3.379396e-02
  -4.630260e-03
   1.809720e-02
  -7.729827e-03
   1.114641e-02
   4.639263e-02
   1.468367e-02
   3.267582e-03
   1.976762e-02
   1.245349e-02
   3.384831e-02
   1.679800e-02
   2.116284e-04
   9.165922e-03
   9.494823e-03
   7.039201e-03
   1.943553e-02
   1.090157e-02
   2.832076e-02
   1.324481e-02
  -9.997371e-03
   1.601841e-03
   4.190827e-02
   1.287791e-02
   1.510281e-02
   2.383896e-02
   1.040875e-02
   2.018530e-02
   3.352059e-02
   1.093322e-02
   1.718084e-02
   1.434670e-03
   2.115370e-02
  -8.309451e-04
  -1.013126e-02
   1.485699e-02
   1.978942e-02
   1.656947e-02
   1.737068e-02
   1.499107e-02
   4.199896e-02
  -1.655717e-02
   2.823737e-02
   9.336667e-03
   9.028720e-03
   2.436183e-02
   1.162310e-02
  -1.230539e-02
   1.773419e-02
  -8.079498e-03
   2.027402e-02
   5.791543e-02
   3.790061e-03
   4.841623e-02
  -9.941408e-03
   1.468251e-03
   1.426372e-02
   3.026837e-02
   6.130912e-03
   2.293456e-02
   8.972821e-03
   7.565684e-03
  -2.415186e-02
   1.953381e-02
   1.039952e-02
  -9.715961e-03
   1.179338e-03
   1.944198e-02
   1.666584e-02
  -1.727484e-02
   1.289389e-02
   7.588581e-03
   1.717605e-02
   1.806677e-02
   1.971050e-02
   2.858202e-02
   2.204757e-03
   3.058780e-03
   2.494116e-02
   4.759531e-02
   4.002490e-03
  -2.616002e-04
   2.939383e-03
   2.565118e-02
  -2.264256e-04
   4.882042e-03
   5.459700e-02
   2.209357e-02
   1.021545e-02
   2.281103e-02
   4.048840e-02
  -1.730841e-02
   1.115771e-02
   4.127742e-02
   5.250012e-03
  -9.533403e-03
   1.062653e-02
   7.562759e-03
   1.580763e-02
   2.761082e-02
   1.881868e-03
   2.410966e-02
   2.039708e-02
   8.973891e-03
   2.214983e-02
   1.775343e-02
   1.282735e-02
   7.331912e-03
   2.661900e-02
   9.294447e-03
   1.789389e-02
   3.367864e-02
   4.293203e-02
   3.340158e-02
   2.892002e-02
   5.916038e-02
   3.589351e-02
   4.466165e-02
   4.962932e-02
   3.586145e-02
   1.737634e-02
   2.116061e-02
   4.151604e-02
   8.799536e-03
   1.168900e-02
   4.474364e-02
   1.592093e-02
   4.572465e-03
   3.241618e-02
   1.353284e-02
   1.980967e-02
   3.233972e-02
   3.190373e-02
  -4.414036e-03
   3.561088e-02
   2.229239e-02
   1.605170e-02
   1.796977e-02
   4.089236e-03
   8.231537e-04
  -4.965862e-03
   4.277941e-03
   1.310799e-02
   3.305583e-03
   1.576846e-02
   4.798037e-03
   9.761995e-03
   1.360442e-02
   3.997844e-02
   3.513652e-02
   3.546447e-02
   3.178297e-02
   2.267871e-03
   3.627736e-03
  -1.254527e-02
   2.900774e-02
  -1.437990e-02
   4.320659e-02
   4.364072e-02
   1.462023e-02
   3.932890e-02
   3.253079e-02
   1.755848e-02
  -4.728514e-03
   1.974922e-02
  -3.572709e-02
   4.561189e-03
   1.679526e-02
   1.794832e-03
   2.163604e-02
   8.392858e-03
   2.913177e-02
   6.189362e-03
   1.411812e-02
   3.188706e-02
   1.972765e-02
   2.320140e-02
   5.793426e-04
  -1.358601e-02
  -2.878276e-02
   2.787148e-02
   2.076948e-02
   2.162756e-02
   5.353809e-02
   2.516597e-02
   2.031059e-02
   2.920384e-02
   3.012240e-03
   7.979494e-03
   5.365161e-02
  -1.472323e-02
   7.899740e-03
   1.484238e-02
  -1.513337e-02
   9.964660e-03
  -6.608327e-03
   2.133897e-02
   5.040628e-03
   1.379977e-02
   3.853263e-02
  -6.935500e-03
  -2.259261e-03
  -7.032286e-03
   1.832486e-02
   9.051912e-03
   1.071140e-02
   9.072348e-03
  -2.499318e-02
   7.295099e-03
  -1.209605e-02
   5.138440e-03
   4.937103e-02
   2.004677e-02
   4.270655e-02
   1.758774e-02
   2.038685e-02
   5.402573e-03
   2.324482e-02
   1.548704e-02
  -4.547554e-03
   1.762469e-02
   2.240004e-02
   1.162853e-02
   1.072338e-02
   5.279933e-02
   2.593243e-02
   4.201577e-02
  -4.023629e-03
   2.264475e-02
   2.075086e-02
   2.458049e-02
   1.943542e-02
   4.875465e-03
  -3.378307e-04
  -1.006100e-03
   7.517953e-03
   2.641514e-03
   1.060321e-02
   1.637691e-02
   1.286863e-02
  -3.281991e-03
   3.501330e-03
  -3.135206e-03
   2.403200e-02
   2.586018e-02
   2.553758e-02
   4.026730e-02
   1.516924e-02
   5.117017e-02
   2.231492e-02
   1.404706e-02
   1.568427e-02
   4.466678e-02
   2.421551e-02
   1.798154e-02
   4.778560e-03
   3.734332e-02
   2.244433e-02
  -1.425279e-02
   5.327375e-02
   3.091044e-02
  -4.557022e-03
  -9.545798e-03
   9.753107e-03
  -4.773687e-03
  -2.894963e-02
   4.351816e-03
   7.526935e-03
   7.535918e-03
  -2.441982e-02
   3.296344e-02
   2.186206e-02
   1.703288e-02
   3.251857e-02
   2.445794e-02
   1.334368e-02
  -8.458906e-03
   5.610768e-02
   1.555588e-02
   1.660909e-02
   4.051770e-02
   1.426808e-02
   1.547579e-02
   3.796519e-02
   5.859113e-03
   1.181366e-02
   2.914804e-02
   4.912090e-02
   2.033086e-02
   9.385167e-03
   6.708736e-03
   9.973998e-03
  -1.431274e-03
   3.415291e-02
   1.069956e-02
   2.414487e-03
  -1.060344e-03
  -1.825362e-02
   1.977471e-02
  -1.220509e-02
  -1.250160e-02
  -1.996836e-02
   7.016870e-03
   5.034601e-03
   1.103374e-02
   3.221342e-03
   2.604666e-02
   1.475389e-02
   1.215083e-03
   1.575377e-02
   3.315299e-02
  -2.798445e-02
   4.560650e-02
  -1.417953e-02
   1.049633e-02
   1.805257e-02
  -2.118544e-02
   4.438280e-02
   3.767607e-02
   1.392646e-02
   3.518926e-02
   2.590667e-03
   2.172857e-02
  -3.427926e-02
   4.556864e-02
   1.212190e-02
   2.926357e-02
   1.083960e-02
   1.637144e-02
   5.887994e-03
   4.406867e-02
  -3.164061e-02
  -8.911554e-03
   6.591838e-03
   8.055528e-03
  -1.377512e-02
  -5.782018e-03
  -3.388829e-02
   5.046070e-02
   1.841015e-02
   6.437637e-03
  -2.746067e-02
   2.334974e-03
   1.573223e-02
   1.570909e-02
   1.109358e-02
  -5.829752e-03
  -1.962438e-02
  -1.447172e-02
   9.291869e-03
   1.386269e-02
   2.381026e-02
   1.069765e-02
  -4.501761e-04
  -1.917811e-02
  -1.365244e-02
  -2.058601e-03
   2.377125e-03
   7.665068e-03
  -4.691086e-03
   3.087115e-02
  -1.863451e-02
   1.271708e-02
   2.237796e-03
   1.904151e-03
  -7.762444e-03
   1.005679e-02
  -8.316377e-03
   1.350160e-02
   2.765506e-02
  -4.325542e-03
  -3.248135e-03
   2.096199e-02
   4.523357e-02
  -1.208466e-02
  -8.678071e-03
   7.706050e-03
   1.608713e-02
  -2.528454e-02
  -9.302815e-03
  -2.605359e-03
  -6.606288e-03
   5.124516e-02
  -5.205793e-03
   2.212899e-02
  -2.298333e-02
   2.586102e-02
   9.061985e-04
   3.205271e-02
   5.156710e-02
  -2.375171e-03
   2.440269e-02
  -1.462548e-02
  -6.412860e-03
   7.929105e-03
   2.566145e-02
   4.632220e-03
   6.702886e-03
   3.268548e-02
  -4.703093e-03
   1.686671e-02
  -9.844958e-04
  -1.295187e-02
  -2.639248e-02
   3.542489e-02
   8.348063e-05
  -5.464415e-03
  -3.804468e-03
  -1.214888e-02
  -1.512813e-02
   1.366205e-02
   4.296565e-05
  -2.051215e-02
   1.285682e-02
   3.205099e-02
   6.510358e-03
  -1.994578e-02
   7.736143e-03
   5.288380e-03
   6.041519e-02
   2.846158e-02
   1.949708e-02
   3.280241e-02
  -1.701805e-02
  -5.874038e-03
   1.402142e-02
   1.748310e-02
   3.343874e-02
   2.601128e-02
  -2.743711e-03
  -2.765133e-02
   9.640604e-03
   1.432761e-02
  -9.695949e-03
   2.537955e-02
   3.985456e-03
   7.438503e-03
  -1.709484e-02
   8.772949e-03
   2.036325e-02
  -3.736895e-02
  -2.578693e-02
  -2.486372e-02
   2.603667e-04
   4.390690e-02
   1.963759e-02
   2.404860e-02
   1.914201e-02
   3.485428e-03
   5.346673e-02
   2.567325e-02
   2.405353e-02
   1.881347e-03
   5.268606e-03
   2.767508e-02
   1.106061e-02
  -9.626624e-04
   1.752738e-03
  -2.368629e-02
  -8.338407e-03
   1.058914e-02
  -2.705594e-02
  -1.402110e-02
  -4.094458e-03
  -1.467067e-02
  -2.452262e-02
   4.273426e-03
   1.865628e-02
   9.270632e-03
   1.717118e-03
   2.332714e-02
   3.053152e-04
  -1.679689e-02
   4.613628e-03
   1.442533e-02
  -3.727430e-02
   2.163383e-02
   2.149061e-03
   2.536382e-02
   9.891959e-03
   1.465161e-02
   3.097329e-02
   3.850412e-02
   2.002442e-02
   3.265127e-02
   1.697530e-02
   4.495421e-02
   2.252480e-02
  -8.074556e-03
   1.763849e-02
  -1.294843e-02
   2.170060e-02
   5.173962e-02
   9.847831e-03
   1.264396e-02
   2.673338e-03
  -5.250937e-03
   1.137509e-02
  -2.419502e-03
   4.383864e-02
   1.801565e-02
   2.445301e-02
   1.020264e-02
  -1.717224e-02
   6.217867e-03
   4.661301e-02
   2.461512e-02
   1.280703e-02
   7.848501e-03
  -1.166310e-02
  -3.796714e-02
   9.092770e-03
   2.726699e-03
  -8.760880e-03
   2.625443e-02
  -4.026352e-03
   3.899627e-03
   5.918234e-03
   5.522951e-03
   5.015382e-03
   6.059201e-03
   1.127993e-02
  -6.790023e-04
   1.188775e-02
   2.074886e-03
   2.063685e-03
  -2.010998e-02
   2.926556e-02
  -2.038151e-02
  -3.135610e-03
  -4.004137e-04
  -4.289138e-03
  -5.499680e-03
   2.151529e-02
   2.046963e-02
   2.771922e-02
   2.571473e-02
   4.849643e-02
   1.164247e-02
   1.621512e-03
   8.616246e-03
  -1.708416e-02
   2.900380e-02
  -7.404641e-03
   5.914650e-03
   1.076476e-02
   7.000732e-04
   4.988001e-02
  -1.128612e-03
  -5.483205e-03
   1.290006e-02
  -1.404542e-02
   2.755054e-02
   2.210105e-02
   2.423840e-02
   9.113838e-03
   6.339931e-03
   2.940743e-02
   2.956355e-02
  -3.939090e-02
  -1.147079e-02
  -3.017483e-03
   5.553949e-03
   1.425134e-02
   8.314525e-03
   5.420475e-04
   2.244135e-02
   2.096241e-02
   2.042539e-02
  -3.615590e-02
  -2.816317e-02
   4.499133e-03
   4.827257e-02
   1.132891e-02
   1.350952e-02
   6.615925e-03
   1.757178e-02
   8.082487e-03
  -4.089083e-03
  -2.036379e-02
   1.246409e-02
  -1.868303e-02
  -8.402768e-04
   7.926332e-03
   2.871906e-02
   1.532518e-02
   1.942721e-02
   9.113838e-03
   7.726885e-03
   1.856716e-02
   1.292560e-02
  -9.353898e-03
   2.536004e-02
   1.475461e-02
   1.390351e-02
   1.378362e-02
   1.104907e-02
   1.007021e-02
  -9.312283e-03
   1.326368e-02
  -4.233732e-02
   6.038608e-03
  -2.300436e-02
  -1.941035e-02
  -2.158870e-02
   6.177212e-04
   5.403704e-03
   2.787035e-03
   9.651422e-03
   1.114691e-02
   2.020125e-02
  -7.075677e-03
   1.841558e-02
   3.056099e-02
  -5.664502e-03
   1.787197e-02
   3.130128e-02
  -4.844578e-03
   1.871807e-02
   9.113838e-03
   8.420362e-03
   1.349376e-02
   9.072396e-03
   5.033319e-03
   5.033099e-03
   2.277238e-02
   3.910601e-02
   1.319601e-02
   1.922171e-02
   3.800199e-02
  -3.071966e-02
  -1.541606e-02
  -3.462428e-02
  -1.559367e-03
  -1.050375e-02
  -3.754748e-02
   4.307729e-02
   2.142120e-02
   4.700536e-03
  -4.943589e-02
   8.595445e-03
   6.652476e-03
   2.514826e-02
   7.013895e-03
   3.107837e-03
  -1.296358e-02
  -1.076211e-02
   1.834367e-02
   7.046986e-03
   4.001774e-03
   9.802913e-03
   9.113838e-03
   8.767100e-03
   9.032587e-03
   4.836901e-03
   3.564021e-03
   8.218430e-04
  -1.728524e-02
   1.877279e-03
   8.066953e-03
   1.463978e-02
  -1.327191e-03
  -7.010985e-03
   1.359136e-02
   3.939677e-03
   3.285195e-02
   1.715222e-02
  -1.582181e-02
  -2.414868e-02
   4.367667e-03
   1.429069e-02
   3.380387e-02
   5.640672e-03
   6.146574e-03
   1.142131e-02
   2.969104e-03
  -3.455164e-05
   1.270281e-02
  -5.517988e-03
  -3.523893e-02
  -1.720076e-03
   1.140849e-03
   5.471881e-03
  -2.308628e-03
   8.750574e-03
   3.465021e-02
   1.510578e-02
   9.902875e-03
   1.432720e-02
   2.890446e-02
   1.794393e-02
   7.824324e-02
  -3.947117e-03
   3.313464e-02
   2.449183e-02
   2.530409e-02
   1.113040e-02
   1.670761e-03
   2.904646e-02
  -8.861706e-03
   3.346569e-03
   1.518530e-02
   3.449727e-02
   8.066038e-03
   1.529895e-02
   2.567953e-02
   7.943458e-03
   1.920515e-02
   3.340060e-02
  -1.866054e-02
   2.898146e-02
   1.467064e-02
  -2.041766e-02
  -7.225012e-03
  -7.225012e-03
  -1.336783e-02
  -2.614231e-02
   4.167617e-03
   9.392083e-03
  -1.417973e-02
  -4.652653e-03
   2.232426e-03
  -1.017141e-02
  -4.664069e-03
  -1.307726e-02
   1.088153e-02
   2.016780e-02
   2.097933e-02
  -7.628666e-03
   1.745791e-02
   4.825195e-02
   2.074941e-02
  -3.910464e-02
   7.712073e-03
   1.784962e-02
   1.133953e-02
   1.617329e-03
   5.379618e-02
   2.514599e-02
   1.627139e-02
   1.251190e-02
   9.715184e-03
   2.877749e-02
   3.544810e-02
   2.288576e-02
   2.160573e-02
   1.204241e-02
   1.190844e-03
   6.435091e-03
  -1.229525e-03
   6.784183e-03
   1.629962e-02
   2.165426e-03
  -5.150689e-03
   8.732052e-03
   8.523623e-03
   2.732630e-03
   1.275152e-02
   2.219135e-02
   3.636376e-02
   1.810785e-02
   2.753761e-02
   8.518070e-03
   5.487280e-02
   1.266770e-02
  -1.565405e-02
   1.626294e-02
   2.454757e-02
   1.031484e-02
   9.289289e-03
  -2.350440e-03
  -3.321838e-04
  -9.339579e-03
  -1.238982e-02
   1.133961e-03
   9.131632e-03
   2.974443e-02
   3.295481e-02
   2.174650e-02
  -6.084149e-03
  -2.763986e-02
  -2.140834e-03
   2.244688e-02
   1.332584e-02
   8.101022e-03
   1.534129e-02
   4.172669e-02
   1.409168e-02
   2.769490e-02
   5.105524e-02
   1.633264e-02
   3.118962e-03
   1.772540e-02
   1.059443e-02
   2.175490e-02
   2.661622e-02
   2.143151e-02
  -3.826764e-03
   3.830860e-02
  -1.677926e-02
   3.354481e-02
   1.470616e-02
   4.535239e-03
  -5.910108e-03
   3.509304e-02
   1.729561e-02
   2.678520e-02
   3.216189e-03
   1.023725e-02
   1.623442e-03
   1.510270e-02
  -6.613197e-03
   2.957174e-02
   1.564932e-02
   1.951705e-02
  -1.187869e-02
   8.811803e-03
   1.668814e-02
  -5.861693e-03
   6.755036e-02
   4.290004e-02
   3.837214e-02
   2.165758e-02
   2.267047e-02
   3.908035e-02
   2.739273e-02
  -2.320762e-03
   1.715849e-02
   4.046035e-03
  -2.645190e-02
  -1.002380e-03
  -2.835540e-02
   1.242505e-02
   1.145530e-02
  -3.054097e-02
   6.960448e-03
  -2.639041e-02
   1.969400e-02
   7.575711e-04
   1.272768e-02
   6.364940e-03
   2.450180e-02
  -5.082275e-03
  -1.389579e-02
  -1.633229e-04
   8.361877e-03
   9.599638e-03
   1.469342e-02
   2.338524e-02
   2.195075e-02
   1.578692e-02
   3.194437e-02
  -3.345129e-03
  -8.554404e-05
   1.026797e-02
   2.682497e-02
   4.085587e-03
   6.221691e-02
   1.334879e-02
   1.353753e-02
   1.504998e-02
   2.712071e-02
   1.981882e-02
   1.698258e-04
   3.305547e-02
   1.838231e-02
  -1.083365e-02
  -1.849574e-03
  -8.324493e-04
  -2.045155e-02
  -3.463898e-02
   1.697335e-02
  -2.369914e-03
  -1.839935e-02
   2.392460e-02
   7.756528e-03
   1.399252e-02
   1.726701e-02
   2.334380e-02
   3.766751e-02
   1.722521e-02
   1.840856e-02
   2.218301e-02
   4.778535e-02
  -1.338959e-02
   1.068492e-02
   1.655038e-02
  -2.777962e-02
  -1.709994e-03
  -8.044907e-03
   5.136401e-03
   1.010532e-02
   1.549564e-02
   4.714855e-03
   1.251283e-02
  -2.383959e-02
   3.745209e-02
   2.033129e-02
   5.159480e-03
  -2.692647e-03
  -2.867039e-02
  -5.542061e-05
   2.211804e-02
   1.237556e-02
   2.623522e-02
   1.899575e-02
   1.668768e-02
   2.210226e-02
   3.438435e-02
   2.336983e-02
   7.522615e-03
   3.218950e-02
   3.517668e-02
   1.227526e-02
   2.527913e-02
   2.810230e-02
   1.124241e-02
   3.966444e-02
   2.679130e-02
   2.235418e-02
   3.610196e-02
   2.670569e-03
  -3.713050e-03
  -1.894612e-02
  -1.296512e-02
  -3.626976e-02
   6.012568e-03
  -9.949007e-03
  -1.321728e-02
  -1.746231e-02
  -3.627408e-02
  -3.225779e-03
  -2.048012e-02
   1.853939e-02
   2.208987e-02
  -1.582436e-02
  -1.549738e-02
  -1.106525e-02
   2.402259e-02
   1.017859e-02
  -1.556851e-03
   5.755676e-03
   7.542193e-03
  -4.029736e-04
   1.907044e-02
   2.243762e-02
   2.513919e-02
   3.329973e-02
   4.217039e-02
   1.731437e-02
   2.801856e-02
   5.430307e-02
   1.304786e-02
   1.401724e-03
  -6.979868e-03
  -6.316587e-03
  -3.131779e-02
  -3.321372e-02
  -4.113504e-03
  -1.671291e-02
  -2.544635e-02
  -4.068918e-02
  -4.261263e-02
  -4.348762e-02
  -3.748243e-02
   4.171208e-02
   3.039649e-02
  -3.092587e-02
   3.414878e-02
  -3.700939e-02
  -1.923139e-02
  -5.910317e-03
  -4.584838e-03
  -9.890954e-03
  -5.281580e-03
   3.077583e-02
   2.441452e-02
   2.439197e-02
  -1.245172e-02
   3.778706e-02
  -1.659722e-02
   3.585752e-04
   9.150893e-03
  -9.879952e-03
  -1.579102e-02
  -2.803922e-02
  -1.929156e-02
  -1.021602e-05
  -9.988467e-03
  -4.423274e-03
   1.486063e-02
  -3.607621e-02
  -3.116602e-02
  -2.988047e-02
  -3.700238e-02
  -3.720110e-02
  -2.040368e-02
  -6.524213e-03
   1.773849e-02
  -8.147125e-03
  -1.644390e-02
  -6.183786e-03
   2.370863e-02
   1.595528e-02
  -8.431622e-03
   5.250055e-03
   2.393065e-02
   7.660948e-03
   2.341982e-02
   8.330875e-03
   1.992528e-02
   5.570738e-02
   3.009898e-02
   1.380752e-02
   1.810638e-02
  -4.543726e-02
   6.435664e-03
  -4.228428e-03
  -1.028451e-02
   5.460319e-03
  -4.202588e-03
  -7.883624e-03
  -6.096503e-02
  -8.976797e-03
  -2.261410e-02
  -1.066428e-02
  -1.652841e-02
  -2.855478e-02
  -6.462773e-03
   3.084418e-02
   2.934320e-02
  -2.957217e-03
   1.443379e-03
   2.225570e-03
   1.617247e-04
   1.969231e-02
   1.186832e-02
   1.235478e-02
   1.814271e-02
   5.261110e-03
  -6.546235e-03
   2.738124e-02
   2.550923e-02
   1.683877e-02
   1.410695e-02
   6.666145e-03
   1.800319e-02
   1.626617e-03
  -1.105884e-02
   4.694016e-03
   4.209425e-03
   8.207296e-03
  -6.937545e-03
  -1.441754e-02
  -1.749597e-03
  -3.667300e-02
  -2.388640e-02
  -2.389263e-02
  -3.592991e-02
  -2.728771e-02
  -7.736812e-03
   9.786098e-03
   1.813261e-02
  -1.139021e-02
   1.917346e-03
   1.348096e-02
   1.102225e-02
   3.191001e-02
   2.239059e-02
   1.994595e-02
   1.540467e-02
   1.787012e-03
   3.889556e-02
   1.676282e-02
   1.140286e-02
   1.522813e-02
   3.024283e-02
   3.757301e-02
   2.099280e-02
   1.130971e-02
   9.622096e-03
   2.936932e-02
   1.821877e-02
   3.009699e-02
   7.703344e-03
   1.550822e-02
  -4.802311e-02
   1.722286e-02
  -3.745100e-03
  -2.508995e-02
  -6.802592e-03
   2.323058e-03
   4.073574e-02
  -2.095591e-03
  -1.397017e-02
   2.639012e-03
   2.127416e-02
   9.744051e-03
  -2.260028e-03
   2.185039e-03
   2.583806e-02
   1.301847e-02
   2.174302e-02
   3.841953e-02
   3.559665e-02
   1.343683e-02
  -1.188875e-02
  -1.552216e-02
  -4.045753e-03
  -1.708936e-02
   1.330619e-02
   1.116137e-02
   8.868203e-03
   3.060369e-02
   9.541638e-03
  -4.876969e-03
   4.547999e-03
   2.940010e-02
  -5.555422e-02
  -2.760412e-02
   1.677309e-02
  -3.196861e-03
   2.174825e-02
  -3.615540e-02
   3.968709e-02
  -8.004873e-03
  -8.003004e-03
   3.364472e-03
   2.483755e-02
   7.323928e-03
  -2.754638e-02
   6.519555e-03
   3.342930e-02
  -1.534821e-02
   1.137167e-02
   1.437011e-02
   1.929119e-02
  -2.295340e-02
   6.800020e-02
   3.924454e-02
   6.903560e-04
  -1.987549e-02
  -3.284653e-03
   3.938357e-03
   4.469005e-03
   1.337677e-02
  -1.777899e-02
   1.631622e-02
  -1.403448e-02
   7.465374e-03
  -3.869912e-02
  -2.063835e-02
   1.999452e-03
  -2.621884e-02
  -3.933137e-03
   2.419659e-04
  -1.602767e-02
   4.494370e-03
  -1.340144e-02
  -5.018484e-03
   2.106237e-02
   2.226049e-02
  -3.264258e-02
   1.380996e-02
   1.656262e-02
  -4.510596e-03
   2.278818e-02
   3.544392e-02
  -5.061436e-03
   1.634294e-02
   2.558168e-02
  -7.691544e-03
  -1.256187e-02
  -5.140870e-03
  -1.675195e-03
   3.180673e-03
  -8.307311e-03
   4.566684e-03
   8.630592e-03
  -1.525036e-02
   2.108476e-02
   9.056107e-04
  -3.972744e-02
  -2.032638e-02
   1.125665e-02
   2.661968e-02
  -1.150393e-02
  -2.576045e-02
   1.116163e-02
  -3.173416e-02
  -1.364204e-02
   5.549974e-03
   4.216991e-02
   2.831238e-02
   2.350486e-02
   2.318458e-02
   2.336537e-02
   1.192095e-02
   1.690808e-02
   3.810171e-02
   2.137146e-03
   6.714431e-03
   1.834604e-02
  -1.588659e-02
   3.267105e-02
   1.701475e-02
   3.399938e-03
   1.876684e-02
   3.217644e-02
   1.075203e-02
   3.234804e-02
   4.418879e-03
  -6.115403e-02
  -6.377893e-03
   5.168417e-03
  -2.228243e-02
   2.780031e-02
  -3.519043e-03
  -1.078707e-02
  -3.703941e-03
  -7.476959e-03
  -1.526713e-02
   4.209479e-03
  -1.309489e-03
  -2.203397e-02
  -1.391808e-03
  -1.136309e-02
   1.856844e-02
   2.525161e-02
   2.045289e-02
   4.644240e-02
  -1.757589e-03
   8.718439e-04
  -9.968410e-03
   1.443865e-02
   5.592178e-02
   4.736023e-02
   1.469040e-02
  -4.701091e-03
   5.275642e-02
   1.298342e-02
  -2.608304e-02
   4.937377e-03
  -1.062200e-02
  -1.795746e-02
  -2.767436e-02
  -9.311191e-03
   1.855946e-02
   1.537939e-02
  -3.894056e-03
   2.998691e-02
   6.186796e-04
   3.408791e-02
  -2.606687e-02
   3.217864e-03
  -5.421271e-03
  -3.248271e-02
   1.870713e-02
   1.254254e-02
   1.395231e-02
   3.382102e-02
  -1.803404e-03
   1.831077e-02
   1.365547e-02
  -1.639159e-02
  -1.189647e-03
  -6.544809e-03
   2.985128e-02
   4.017689e-02
  -1.996120e-02
   3.835639e-02
   2.544125e-03
   2.555438e-02
  -1.318630e-03
   2.410651e-02
  -1.875177e-03
   2.762057e-02
   6.619281e-03
   9.818498e-03
   2.734362e-02
  -2.337499e-02
  -4.708903e-03
   2.407876e-02
   1.535109e-02
  -8.320503e-03
  -2.254522e-02
   2.658956e-03
   8.889255e-03
  -1.187393e-03
   2.003128e-02
   3.028359e-02
   1.731262e-02
   2.067293e-02
   1.708001e-03
   1.494862e-02
   4.332678e-02
   1.836047e-02
   2.814622e-02
   2.063321e-02
   2.388095e-02
   2.115836e-02
  -1.216499e-03
   1.477314e-02
   2.044643e-02
   5.555908e-02
   1.138107e-02
   1.948172e-02
   5.033972e-02
   3.582560e-02
   1.671241e-02
   1.736822e-04
  -1.250684e-02
   1.880633e-03
  -2.086163e-02
  -3.783426e-03
  -9.248480e-03
  -2.117541e-02
  -2.246464e-02
   2.205705e-02
  -2.908615e-02
   7.221592e-03
   2.204952e-02
  -6.615266e-03
   3.169321e-03
   9.977920e-03
   1.698535e-02
   1.726053e-02
   2.842002e-02
   2.339024e-02
   1.372951e-02
   2.280235e-02
   1.775786e-02
   2.045517e-02
   1.125723e-02
   2.174051e-03
  -1.102275e-03
   2.277165e-02
   1.676177e-02
   1.665112e-03
   3.307397e-02
   3.215207e-02
  -9.766583e-04
  -1.332934e-02
  -1.265683e-02
  -1.086960e-02
   1.082795e-02
  -9.102356e-03
  -3.697739e-03
  -2.239241e-02
  -1.415188e-02
  -4.741481e-03
  -5.279914e-03
   3.711039e-02
   2.526767e-02
   8.949232e-03
  -1.778258e-02
  -5.372618e-03
  -6.899061e-03
   1.984761e-02
   2.467275e-02
   1.433431e-02
  -1.034793e-02
   3.404432e-02
   3.892980e-03
   2.720963e-02
   2.361620e-02
   1.699536e-02
   3.870571e-02
  -5.276338e-03
   3.496496e-02
   1.394456e-02
   2.190262e-02
   1.337640e-02
   7.599750e-03
   1.174036e-02
   9.930294e-03
  -8.973901e-03
   1.957570e-02
   9.447978e-04
   1.394661e-02
   1.482842e-02
  -4.048066e-02
   1.212768e-02
  -2.440241e-02
  -1.150877e-02
   3.296153e-02
   2.095538e-02
   2.859878e-02
  -6.786751e-03
   3.840612e-02
   6.866423e-03
   2.982132e-02
   1.962217e-02
   1.061649e-02
   2.071413e-02
   7.532910e-03
   1.925949e-02
   1.299880e-02
   3.485470e-03
   4.329717e-02
   1.875744e-02
   1.825150e-02
  -2.754431e-03
   1.539410e-02
  -1.392549e-02
   6.258897e-03
  -2.332607e-02
   4.464456e-03
  -3.746074e-03
  -4.468987e-03
   8.655712e-03
   4.371097e-02
   2.448765e-03
   1.981763e-03
   6.413571e-03
  -1.377758e-02
   2.815795e-02
   2.016737e-02
   9.333835e-03
  -1.662601e-02
  -1.663459e-03
   1.452811e-02
  -1.192835e-02
   4.521447e-02
   1.844551e-02
   1.270731e-02
   1.214471e-02
  -6.731445e-03
   2.929663e-02
   5.223271e-02
   3.615571e-02
  -4.750016e-04
   3.526779e-03
  -2.719554e-02
   2.677360e-02
   2.831934e-02
   1.140097e-02
   4.049170e-02
   8.582812e-03
   1.533504e-02
  -3.523700e-03
   8.565530e-03
   1.854204e-03
   1.603115e-02
   8.643370e-03
   1.830604e-02
   6.772464e-03
  -5.304048e-03
   7.412180e-03
  -6.173610e-04
  -1.312125e-02
  -2.467828e-02
   1.437246e-02
   3.329811e-02
  -4.878256e-03
   1.190431e-02
   2.045053e-02
   1.634327e-02
  -4.383718e-03
   2.851752e-02
   2.635384e-02
   2.124737e-02
   3.001102e-02
   5.085471e-02
   2.302022e-02
   1.230108e-02
   4.107858e-02
   6.728184e-03
  -8.804851e-03
   1.751579e-02
   1.731042e-02
   5.181660e-02
   1.381145e-02
   9.622716e-03
  -5.217058e-03
   7.077870e-03
  -2.212469e-03
   8.653839e-03
   2.365227e-03
   5.041485e-03
   4.515062e-04
   5.607651e-03
   2.764586e-03
   1.836549e-02
   1.196208e-02
   3.379837e-03
   7.460871e-03
   9.725314e-03
   2.218247e-02
   5.518003e-03
   7.128467e-03
   3.623565e-02
   3.482476e-02
   4.188479e-02
   1.732350e-02
   9.480318e-03
   2.181538e-02
   5.747302e-03
  -7.667975e-03
  -4.603914e-03
   3.524343e-02
   2.086053e-02
  -8.673532e-03
   1.549239e-02
  -2.483090e-02
   4.599005e-02
   1.326282e-03
   1.024859e-02
  -6.312529e-03
   2.082638e-02
  -8.330622e-03
   1.806328e-02
  -1.109915e-02
   1.983187e-02
  -1.470325e-02
   1.504801e-02
   1.173053e-02
   1.116412e-02
   2.388103e-02
  -2.646401e-03
   1.516718e-02
   3.969509e-02
  -8.856071e-03
   2.510997e-02
   2.569275e-02
   1.759679e-02
   2.169070e-02
   3.015179e-02
   2.058276e-02
  -3.459277e-03
  -9.041081e-03
  -1.599599e-02
   9.699391e-03
   2.257272e-03
   1.357420e-02
   4.005021e-02
   3.825973e-02
   3.043007e-02
   5.217803e-02
   3.749772e-03
  -7.736472e-03
   2.069118e-02
   1.640625e-02
   1.608004e-02
   1.741209e-02
   7.178950e-03
   2.183627e-02
   7.704043e-03
   3.600789e-04
   5.665094e-03
   6.973040e-03
   1.779675e-02
   1.437576e-03
   1.937358e-02
   1.698809e-02
  -1.834271e-02
   2.523946e-02
   4.028751e-02
   3.270912e-02
   2.199461e-02
   2.562131e-02
   1.155940e-02
   3.407117e-03
   1.197545e-03
   1.729285e-02
   4.664362e-03
   3.024142e-03
   1.861782e-02
   2.352565e-02
   1.132106e-02
   9.091744e-03
   5.432492e-03
  -1.349963e-02
   5.859286e-03
   2.893568e-02
   1.243856e-02
   4.397218e-03
  -3.036443e-02
   1.107852e-02
   7.660236e-03
   7.616429e-03
   1.424041e-02
   8.228530e-03
  -3.856058e-03
  -2.306628e-03
   1.395619e-02
   2.480162e-02
  -5.266969e-03
   1.350274e-02
   2.169743e-02
   4.686366e-02
   3.383140e-02
   4.834848e-02
   3.020941e-02
   9.912605e-03
   1.961910e-02
   2.021052e-02
   1.982631e-02
   2.937001e-02
   1.289992e-02
   2.590400e-02
   2.291808e-02
   3.152919e-02
   2.775240e-02
   5.401553e-02
   4.737900e-03
   4.566845e-03
   1.018478e-02
  -1.400266e-03
  -7.509873e-03
   6.722174e-03
   7.660236e-03
   7.638333e-03
   1.093937e-02
   1.914933e-02
   3.828010e-02
  -4.501401e-03
   1.280486e-02
   2.405621e-02
   1.487040e-02
   1.418657e-02
   1.461975e-02
   1.394842e-02
   1.811887e-02
   1.014792e-04
   2.593035e-03
   2.936253e-02
   2.740246e-02
   3.384913e-02
   2.506034e-02
   1.357307e-02
  -2.229217e-02
   6.420592e-03
   1.648926e-02
   2.586864e-02
   2.616329e-02
   2.395591e-02
  -8.085528e-03
   2.332456e-02
   2.513399e-02
   2.819797e-02
   9.235076e-03
   1.659787e-02
   7.660236e-03
   7.649285e-03
   9.294327e-03
   1.048386e-02
  -1.025457e-02
   3.241064e-02
   1.770842e-02
   3.181587e-02
   2.582194e-02
   7.000267e-03
   8.646571e-03
   3.788568e-02
   1.904860e-02
   2.704632e-02
   1.135302e-02
  -5.654237e-03
   2.677907e-02
   1.363458e-02
   3.062101e-02
   2.215410e-02
   1.134457e-03
   1.564994e-02
   1.074972e-02
   7.028232e-03
   7.282557e-03
   1.256183e-02
   1.999336e-03
   1.818373e-03
   6.755990e-03
   7.426484e-03
   1.143329e-02
   1.763831e-02
   7.660236e-03
   7.654760e-03
   1.356515e-02
   2.374636e-02
   2.015034e-02
   4.695922e-02
  -8.150917e-03
   5.658444e-03
   5.495092e-03
  -2.065401e-02
  -9.162875e-03
   6.556331e-03
   1.641015e-02
   2.162781e-02
   2.142696e-02
   9.060313e-04
   2.467179e-02
   2.081547e-02
   3.038055e-02
   1.742825e-02
  -2.498972e-04
   3.000484e-02
   2.037728e-02
   5.353885e-03
  -1.134385e-02
   1.700952e-02
   1.566018e-02
   5.616414e-02
   2.421462e-02
  -1.015826e-02
   6.375161e-04
   9.137914e-03
   5.994079e-03
   9.084653e-03
   2.014044e-02
   5.676296e-03
  -1.217300e-02
   5.798190e-03
   1.333516e-02
   2.883977e-02
   6.218631e-03
   2.531590e-02
  -1.013333e-02
   2.589640e-02
   3.119229e-02
  -2.909323e-03
   4.118488e-02
   5.194518e-02
   1.321557e-02
   3.351369e-02
   1.885022e-02
   1.607786e-02
  -1.822308e-02
   2.661659e-02
   1.911207e-02
   6.613666e-04
   1.475062e-02
   4.427069e-02
   1.004480e-02
   2.646170e-02
   1.627971e-02
   1.088051e-02
  -4.857028e-03
  -4.857028e-03
   2.903505e-03
  -1.340316e-02
   7.788077e-03
   5.045662e-03
   2.011830e-02
   2.279970e-02
   1.146594e-02
  -7.980432e-04
   6.953407e-03
  -1.988902e-03
   1.850117e-03
   4.879162e-02
   3.842140e-02
   5.819218e-03
   4.861360e-03
  -2.677566e-02
   3.063414e-02
   5.885434e-03
   6.959100e-03
   1.300148e-02
   1.596749e-02
   3.639428e-02
   3.005824e-02
   2.215930e-02
  -6.801944e-04
   2.347258e-02
   1.536374e-02
   5.243958e-03
   1.149693e-02
  -2.695529e-03
   2.339323e-02
   7.383696e-04
   1.197519e-02
   1.068402e-02
   1.936937e-02
   1.272512e-02
   1.093545e-02
   1.475404e-02
   1.052696e-02
   1.953146e-03
   2.466190e-03
   2.905585e-03
   8.239466e-03
   1.277187e-02
   2.340974e-02
  -1.366016e-02
  -7.829973e-04
  -5.399460e-03
   1.884441e-02
   1.810101e-02
  -2.163283e-03
   5.685649e-03
   2.720712e-02
   2.744192e-02
   8.734851e-03
   7.007520e-03
   1.303544e-02
   3.493609e-02
   8.101934e-03
   8.401933e-03
   2.181410e-02
   4.343463e-02
   2.949012e-02
  -1.632109e-02
   1.381725e-03
   1.539080e-02
   1.335515e-02
   5.305285e-03
   2.904793e-03
   1.355226e-02
   1.293708e-02
  -4.382523e-03
   8.885889e-03
   2.048139e-02
   2.155326e-02
  -8.174394e-03
   3.539752e-02
   2.736024e-02
   4.626656e-02
  -3.221534e-02
   3.927656e-02
   1.118055e-02
   1.734075e-02
  -1.530272e-02
   2.731104e-03
   2.828215e-02
   1.114137e-02
   4.094047e-03
   1.087836e-02
   4.601112e-02
   1.125916e-02
  -1.112784e-03
   2.491419e-02
   2.054156e-02
   2.115550e-03
  -8.889564e-03
  -8.891945e-04
   1.589648e-02
   1.589579e-02
   1.843575e-02
   9.757315e-03
   2.299795e-02
   3.205163e-02
   2.117511e-02
   2.320768e-02
   4.858081e-02
   2.097705e-02
   1.838389e-02
   2.938536e-02
   4.143704e-02
   3.315983e-02
  -8.788753e-05
   4.385486e-02
   2.162723e-02
   9.846275e-03
   1.957802e-02
   2.499926e-02
   2.211646e-02
   3.454445e-03
  -3.050311e-02
   3.818369e-02
  -7.629216e-03
  -7.963627e-03
  -1.130083e-02
   1.502414e-02
   1.170187e-02
   2.142811e-02
   9.590256e-03
   3.764563e-02
   2.494776e-02
   1.922199e-02
   1.682240e-02
   2.729778e-02
   3.173920e-02
   3.157625e-03
   1.788699e-02
   2.063686e-02
   3.268218e-02
   2.057307e-02
   4.234902e-02
   2.232298e-02
   3.310150e-02
   4.502360e-02
   1.075076e-02
   2.265336e-02
   1.657406e-02
   2.552291e-02
   1.396365e-02
   1.949531e-02
   3.172997e-02
   1.870823e-02
   3.075629e-03
   1.926760e-02
   1.907576e-02
   2.938935e-02
   3.956504e-02
  -2.160617e-02
   1.629060e-02
   2.803003e-02
   1.222804e-02
   8.146390e-03
   1.038977e-02
   8.361694e-03
   4.585932e-03
   5.087220e-02
   3.155584e-02
   1.478809e-02
   2.335626e-02
   8.770591e-03
   4.384600e-02
   2.276972e-02
  -1.096005e-02
   1.338460e-02
   2.611470e-02
   8.885747e-03
   1.099699e-02
   1.335446e-02
  -3.507250e-03
   1.907577e-02
   1.250989e-02
   7.288366e-03
   2.347327e-02
   2.114007e-02
   2.123870e-02
   1.673534e-02
   1.173180e-02
   1.810155e-02
  -5.552251e-03
  -3.210982e-03
   1.373147e-02
   1.206411e-02
  -2.983267e-02
   2.477084e-02
  -1.924841e-03
  -7.509111e-04
   2.815962e-02
   3.155045e-02
   3.196839e-02
   1.082623e-03
   3.129362e-02
   1.606675e-02
   8.136045e-03
   3.761986e-02
   9.152213e-03
   1.129814e-02
   1.788325e-02
   9.675408e-03
   1.914971e-02
   3.677674e-02
   2.317541e-02
   4.177751e-02
   2.256246e-02
   3.378886e-02
  -7.400092e-05
   1.434048e-02
   1.167724e-02
  -1.812563e-03
   6.240009e-03
   2.558531e-02
   3.447765e-02
   5.830134e-04
   8.248430e-03
   8.517071e-03
   3.889241e-02
   2.752915e-02
   6.912242e-03
   1.764228e-02
   2.566019e-02
  -1.303992e-03
   1.565282e-02
   1.629407e-02
   3.311976e-02
   2.620215e-02
   2.753886e-02
   2.967640e-02
   1.495293e-02
   4.772518e-03
  -4.922954e-03
   2.754995e-02
   1.231834e-02
   1.763398e-02
  -1.948087e-03
   1.711790e-02
   1.504819e-02
   1.407343e-02
   3.128458e-03
   2.461861e-02
  -7.059970e-03
   9.316404e-03
   3.923580e-02
   1.209651e-02
   5.684788e-04
  -6.220911e-03
  -2.890458e-03
   3.306708e-02
  -9.121091e-04
   1.574680e-02
   6.961051e-03
   1.965060e-02
   1.055989e-02
   1.255296e-02
   1.743711e-02
   3.073487e-02
   2.651245e-02
   2.808322e-02
   5.539792e-02
   4.253716e-02
   2.402072e-02
   3.954247e-02
   2.733037e-02
   4.514824e-03
  -1.506027e-02
   8.807093e-03
   1.447055e-02
   2.755697e-02
   5.464193e-03
  -6.616751e-03
  -2.610421e-02
   1.188107e-02
   3.941667e-02
   1.628280e-03
   4.489906e-02
   2.173408e-02
   4.050121e-03
  -3.023685e-03
  -2.916584e-03
   2.929653e-02
   2.366242e-02
   2.092447e-02
   4.005921e-02
  -5.639471e-03
  -3.654907e-02
   2.585892e-02
   1.080778e-02
   4.268005e-02
   1.304361e-02
  -9.023192e-03
   7.572273e-03
   1.899037e-02
  -9.496711e-04
   2.577939e-02
   3.857833e-02
  -2.018857e-03
   3.534285e-02
   1.321229e-02
   2.346622e-02
   8.601981e-03
   1.751250e-02
  -8.733754e-03
   1.006317e-02
   9.593199e-03
   2.505077e-03
   1.203803e-02
   2.332500e-02
   2.843433e-02
  -1.015219e-02
  -7.007365e-03
   1.087358e-02
   1.469287e-02
  -3.279166e-03
   4.376186e-03
   3.233344e-02
   1.856418e-02
  -8.992444e-03
   1.640102e-02
   2.280106e-02
   2.143661e-02
   4.827845e-02
   4.168090e-02
   2.180022e-02
   2.680172e-02
   2.910464e-02
   1.928082e-02
   8.316750e-03
   1.027920e-02
   1.630393e-02
   6.368272e-03
   3.273601e-03
   4.104032e-02
  -8.227470e-03
   1.977237e-02
   3.169437e-02
   2.593690e-02
   2.923608e-02
   4.947711e-02
   7.928571e-03
   2.060415e-02
   4.466407e-02
   6.328427e-02
   2.103899e-02
   2.188052e-02
  -2.159790e-02
   1.964384e-02
   1.814110e-02
   2.899857e-02
   2.301485e-02
   2.593653e-02
   1.851303e-02
   3.267132e-02
   2.653258e-02
   2.756278e-02
   8.162515e-03
   6.280016e-03
   1.469550e-03
   1.037518e-02
   1.894777e-02
   2.453971e-02
   3.289755e-03
  -7.316735e-03
  -1.247902e-03
   4.674478e-02
  -6.482544e-03
   2.403631e-03
   1.294399e-02
   3.322394e-02
  -6.110941e-04
  -2.065874e-02
  -4.149987e-02
   1.389619e-03
  -2.153919e-03
  -2.253459e-02
  -4.168292e-03
   2.687076e-02
  -5.534374e-03
   5.056455e-03
  -8.411466e-03
   3.644852e-02
   4.611675e-02
   4.928357e-03
   2.855813e-02
   4.769697e-03
  -2.382214e-03
   6.673514e-03
   2.369074e-02
  -1.519310e-02
  -1.344042e-02
   9.831396e-03
   3.255943e-02
   1.559624e-03
   1.247719e-02
   2.070526e-02
   1.865050e-02
   4.196093e-02
  -5.246564e-03
   5.272364e-03
  -1.554598e-02
   1.288880e-02
   4.296862e-02
   4.507117e-03
   2.092534e-02
   3.724700e-02
   1.018726e-02
  -6.531665e-03
   9.818825e-03
   1.502067e-03
  -2.187598e-02
   3.480474e-02
   9.815788e-03
   1.645809e-02
   2.715272e-02
   1.493521e-02
   4.641537e-02
   2.028781e-02
   5.133059e-02
   5.625644e-02
   3.636045e-02
   3.331478e-02
   9.937177e-03
   9.884287e-03
   3.013630e-02
   3.708911e-02
   3.043360e-02
   2.605476e-02
   1.318370e-02
   6.284385e-04
  -2.288185e-02
  -1.828856e-02
  -1.351966e-02
  -9.091370e-03
   2.444161e-02
   4.385708e-02
  -5.753389e-03
  -1.410086e-02
   1.218763e-02
   2.827983e-03
   1.192748e-03
  -8.805333e-03
  -6.422694e-03
   3.725966e-02
   2.046359e-03
   1.472447e-02
  -1.627827e-03
   2.281059e-02
   2.864517e-02
   3.601891e-02
   1.314417e-02
   2.174389e-02
   3.217985e-02
   2.270067e-02
   1.305789e-02
   2.737629e-02
   4.101239e-02
   2.826876e-02
   6.704793e-03
  -1.543830e-02
  -1.053179e-02
   1.782934e-02
   1.042827e-02
  -1.705327e-02
   2.104577e-02
   4.477241e-02
   2.003211e-02
   1.057465e-02
   2.095586e-03
  -1.862695e-02
  -4.180503e-03
   1.176879e-02
   9.295148e-04
  -1.296998e-03
   6.845799e-03
   2.274081e-02
   4.721541e-04
   6.446926e-03
   4.144149e-03
   4.500816e-02
   1.616800e-02
   1.581497e-02
   1.016958e-03
   9.853010e-03
  -1.934931e-04
   2.607389e-03
   6.535811e-03
   4.555061e-02
   1.310833e-02
   2.629215e-02
   2.095838e-02
   1.191714e-02
   2.119840e-02
  -7.529179e-03
  -2.812567e-02
  -1.673062e-02
   1.930574e-02
  -1.561463e-03
  -1.192033e-02
  -6.541344e-03
   1.362427e-02
   2.552298e-03
  -6.102190e-03
   4.749815e-02
  -1.081239e-02
  -1.852431e-02
  -3.260354e-03
   1.458143e-02
   4.172906e-03
   1.423542e-02
   4.705622e-02
   1.012243e-02
   4.784762e-02
   1.005602e-02
   8.841873e-03
  -1.304084e-02
   5.845568e-02
   4.449932e-02
   7.836064e-03
   3.731386e-02
   3.042062e-02
   4.283315e-02
   2.530457e-02
   1.252676e-02
   1.830311e-02
   5.337668e-02
   3.063838e-02
  -1.090397e-02
   5.941114e-02
   2.160314e-04
   1.971990e-02
   2.061079e-02
  -7.380038e-03
   2.131406e-02
   6.651934e-03
   3.167201e-02
   4.957632e-02
   5.022580e-03
  -2.772001e-03
   6.422053e-03
  -2.534867e-03
  -7.343959e-04
   1.409217e-02
   1.092563e-02
   2.874731e-02
   2.164933e-02
   3.733536e-02
   1.416475e-02
   1.819974e-02
   4.630882e-02
   9.841118e-03
  -1.947897e-02
   1.490659e-02
   2.774580e-02
   2.489998e-02
  -4.394584e-02
  -1.388939e-02
  -1.725393e-04
  -2.735106e-02
   2.648513e-02
   1.149289e-03
  -6.127299e-03
   2.871257e-02
  -2.313323e-02
  -1.324042e-02
   8.229006e-04
   1.518591e-02
   2.296164e-02
   2.505595e-02
   2.629903e-03
  -1.007823e-02
   1.495114e-02
   2.348023e-02
  -2.068844e-04
  -8.787707e-04
   2.090003e-02
   2.003532e-02
   1.045863e-02
   2.228083e-02
   2.267346e-02
   3.157479e-02
  -4.049233e-02
   2.255645e-02
   1.131840e-04
  -3.528855e-02
  -5.178864e-02
   8.045441e-03
  -1.099463e-04
  -2.749516e-02
  -1.282639e-02
  -3.581066e-03
   8.648099e-03
  -4.004941e-02
  -5.486292e-03
   1.198342e-02
   5.087512e-04
  -2.147889e-02
  -1.754019e-02
  -6.902520e-03
  -2.054938e-02
   3.427883e-03
  -1.816703e-03
  -4.719862e-03
   2.290823e-03
  -1.105280e-02
   1.523195e-02
   1.223646e-02
   8.274513e-03
   1.415492e-02
   1.023327e-02
   6.808421e-03
   6.179803e-03
   2.967500e-02
   6.743787e-03
  -5.527008e-03
   3.044748e-02
   1.710503e-02
  -2.687103e-03
  -1.779588e-02
   2.402530e-02
   1.649220e-03
   2.629833e-02
   1.720509e-02
  -3.856963e-02
  -2.162971e-02
  -2.590842e-02
   2.419864e-02
  -2.225658e-03
   4.807403e-04
   1.399728e-02
  -2.578243e-02
  -1.262010e-02
   1.102166e-02
   1.124936e-02
   2.046554e-02
   2.974127e-03
   5.685329e-04
   1.355394e-02
   2.235621e-02
  -8.312949e-03
   1.483657e-02
   6.086264e-03
  -1.208883e-02
  -3.443767e-02
   4.756170e-02
   4.331949e-02
   7.520450e-03
  -9.766168e-03
   1.646168e-02
   9.977288e-03
  -2.061794e-03
   5.797506e-03
   1.596093e-02
   5.685784e-03
  -4.084428e-03
  -8.390125e-03
   1.079878e-03
   1.211324e-02
  -5.863190e-02
  -1.736705e-02
   9.548750e-03
  -8.222591e-03
   7.709853e-03
  -1.517025e-02
   9.245903e-04
   1.532693e-02
   1.789623e-02
  -7.202332e-03
  -3.201141e-03
   1.867156e-03
   2.046297e-02
   1.989051e-03
   4.741807e-02
   3.873554e-02
   3.604685e-02
   1.779222e-03
   1.446468e-02
   1.961379e-02
   2.055481e-03
   2.138597e-02
   1.647329e-02
   1.157222e-02
  -6.226087e-03
   5.223379e-03
   4.043606e-02
  -1.543169e-02
  -4.226425e-02
  -4.392006e-02
  -2.634464e-02
  -7.914321e-02
  -2.344108e-02
  -1.815937e-02
   2.507863e-02
  -2.505926e-02
   9.815548e-03
  -1.504888e-03
   2.887003e-02
   1.314070e-02
   8.227603e-03
   1.943884e-02
   1.331730e-02
   6.679365e-03
  -1.230237e-02
   9.397110e-04
   2.259315e-02
  -1.616253e-02
   3.521696e-02
   3.083203e-02
  -1.109598e-02
   5.868173e-03
   2.053677e-02
   5.027428e-02
   3.257225e-02
   2.285908e-02
  -1.570468e-02
   2.333856e-02
   3.500461e-04
   1.819115e-02
  -1.203655e-02
  -6.066189e-02
  -8.718564e-02
  -2.263470e-02
  -6.060429e-02
  -2.074749e-02
   2.534764e-03
   2.246419e-02
  -3.692951e-02
   5.621588e-03
   9.905587e-03
  -4.774861e-03
  -6.354127e-03
   2.749205e-02
   5.713095e-02
   2.383536e-02
   3.094262e-02
   2.784228e-02
   2.312549e-03
   5.452100e-03
   1.042723e-02
   1.270679e-02
  -1.887614e-03
  -7.273650e-03
   4.047273e-02
  -1.158466e-02
   4.068234e-02
   1.931396e-02
  -5.599529e-03
  -4.814118e-03
  -1.313686e-03
   4.035120e-03
  -4.100654e-02
  -9.950531e-02
  -7.241907e-02
   1.900247e-02
  -3.452271e-02
  -1.572650e-02
  -1.665627e-02
  -3.122067e-02
  -2.956655e-02
  -3.732371e-03
  -1.157498e-02
  -5.053415e-03
   1.067910e-02
  -3.324795e-04
   2.830025e-02
   1.338290e-02
   1.807744e-02
   3.742385e-02
   5.446456e-02
  -7.641235e-03
   1.041986e-02
   1.987090e-02
   6.825828e-03
   2.494201e-03
   4.297244e-03
  -2.422071e-02
   9.983813e-03
   2.137833e-02
   3.661145e-02
   2.321228e-03
   1.387233e-02
  -4.772100e-03
  -5.651941e-02
   4.876593e-04
  -5.123766e-02
   2.226051e-02
   4.575603e-03
   2.819287e-02
  -3.742722e-02
  -6.465357e-03
  -2.054948e-02
   1.274785e-02
  -4.089816e-02
  -1.454292e-02
   5.286479e-03
   2.134356e-02
   4.301961e-02
   1.073882e-02
   9.906794e-03
   4.931113e-02
   3.695266e-02
   1.860472e-02
   1.902254e-02
   2.141783e-02
   5.297265e-03
  -1.883806e-03
   1.920380e-03
   3.347703e-03
   2.876157e-02
   1.960410e-02
   2.527538e-02
   1.961059e-02
   8.935508e-03
  -1.252067e-02
  -4.846242e-03
  -5.692059e-03
   2.179545e-02
  -3.464047e-02
  -3.146426e-02
  -3.292303e-03
   9.870612e-05
  -2.281219e-02
  -2.385962e-02
   6.612164e-03
   4.912087e-02
   4.482464e-03
  -1.579350e-02
   1.772828e-02
   1.411300e-02
  -2.335401e-02
   2.229428e-02
   3.976119e-02
   2.543023e-02
   2.096101e-02
   1.884808e-02
   4.492502e-03
  -5.170793e-03
  -6.919874e-03
   1.376620e-02
  -4.228254e-03
   2.088693e-02
   2.676302e-02
   1.617209e-02
  -6.745631e-03
   1.477978e-02
   3.502034e-02
   8.824736e-04
  -4.539425e-02
  -1.182268e-02
  -2.150173e-02
  -1.033278e-02
  -3.915901e-02
  -3.778743e-02
   5.991586e-03
   4.429984e-02
  -1.156044e-02
  -3.842441e-03
  -8.545940e-04
   2.402014e-02
   1.172269e-02
   5.717104e-03
   8.150849e-03
  -1.752908e-04
   8.870827e-03
   1.409516e-02
   7.865519e-03
  -1.145960e-02
   1.711579e-02
  -2.794525e-03
  -1.569007e-02
   6.429255e-02
   2.923844e-02
   3.225138e-02
  -1.102386e-02
   1.939558e-02
   6.674544e-03
   1.225343e-02
   1.169412e-03
  -1.241227e-02
  -9.455877e-03
  -2.190190e-03
  -8.233747e-03
  -1.009321e-03
  -3.912420e-03
   1.144542e-02
   7.080033e-03
  -2.475362e-02
  -1.257823e-02
  -1.062468e-02
  -1.027289e-02
   3.660029e-03
   1.172269e-02
   8.719898e-03
   8.435373e-03
   1.341375e-02
   3.198116e-02
   7.984413e-03
   6.194085e-03
   1.453906e-02
   1.790369e-02
   7.554582e-03
   1.064695e-02
   3.273948e-02
   2.463809e-02
  -3.809184e-03
  -1.093144e-02
   1.075262e-02
  -5.058693e-03
  -2.312695e-02
  -3.018384e-02
  -1.115048e-02
   2.217321e-02
   1.735925e-02
   1.613086e-02
   4.443035e-02
   2.019226e-02
   1.353635e-02
  -4.278440e-03
   3.221123e-03
  -3.374175e-03
   1.030255e-02
  -1.933940e-02
  -2.767166e-03
   1.172269e-02
   1.022129e-02
   9.328334e-03
   1.001939e-02
   1.846278e-02
   1.720451e-02
  -5.612650e-03
   1.020997e-03
   2.205621e-02
   8.971754e-03
   1.798380e-02
  -3.016378e-02
   1.455413e-02
   6.635419e-02
   1.920293e-02
   7.684890e-03
  -1.453499e-02
  -4.050058e-02
   2.166422e-03
  -2.417902e-02
   2.873096e-02
   3.209472e-02
   1.096759e-02
   2.063756e-02
   5.676016e-03
  -8.709831e-03
  -3.589050e-02
   2.242275e-02
   1.781328e-02
   2.295203e-04
  -8.773594e-03
  -7.210901e-03
   1.172269e-02
   1.097199e-02
   6.391006e-03
  -1.127311e-03
   1.743085e-04
  -1.681254e-02
  -3.062079e-03
   1.698908e-02
   1.753341e-02
  -1.170758e-02
   1.598500e-02
  -2.070019e-02
  -2.915319e-02
   1.696836e-02
   1.370407e-02
  -1.954304e-03
   2.990325e-02
  -2.720050e-04
   1.112086e-02
   4.796114e-03
   2.744650e-02
   5.862482e-02
   3.479620e-02
   1.054400e-02
  -2.380177e-02
  -1.816119e-02
  -4.449303e-03
  -1.000084e-02
  -1.573196e-02
   2.396160e-02
   7.594003e-03
   1.915510e-04
