  -5.790900e-07
  -1.978542e-07
  -4.999681e-07
   5.969738e-07
  -7.702897e-07
   8.375588e-08
   1.293753e-06
   1.191671e-06
   3.219337e-06
   2.484474e-06
   1.899671e-06
   2.575281e-06
   1.336764e-06
   1.078025e-06
   5.559489e-06
   4.558127e-07
   4.602827e-06
   7.277968e-07
   1.592868e-06
   1.363632e-06
   2.587328e-06
   3.187410e-06
   1.488966e-06
   1.015502e-06
   3.151887e-07
   1.039905e-06
   2.532266e-07
   1.923756e-06
   1.031332e-06
   4.148891e-07
   1.370627e-06
   1.370627e-06
  -9.603258e-07
   1.034157e-06
   3.111455e-07
   1.101236e-06
   3.889713e-07
   2.860898e-06
   2.124936e-06
   8.218020e-07
   2.526350e-06
   7.312565e-07
   4.335619e-07
   2.126117e-06
   9.771001e-07
   4.176873e-06
   3.226669e-06
  -1.402521e-06
   2.870333e-06
   1.814343e-06
   2.687176e-06
   2.191688e-06
   2.524255e-06
   2.309370e-06
   2.639870e-07
   4.812053e-07
  -1.109841e-06
   1.600951e-06
   1.666974e-06
  -2.776409e-07
   7.553520e-07
  -3.780075e-07
   1.829477e-06
   1.120857e-06
   2.803885e-06
  -3.070616e-07
  -3.908433e-07
   1.921812e-06
   2.485189e-06
   2.956460e-06
   3.523292e-06
   2.636536e-06
   6.370212e-06
   2.625507e-06
   7.750508e-07
   3.660620e-06
   5.712235e-07
   4.315752e-06
   4.572837e-06
   4.055488e-06
  -1.203052e-06
  -7.375919e-07
   4.194048e-06
   3.390194e-06
   3.214307e-06
   3.366884e-06
   1.131621e-06
  -4.821952e-07
   1.063549e-06
   4.806764e-06
   8.712202e-07
  -8.086751e-07
   2.368436e-06
  -6.150297e-07
   1.921050e-06
   1.624675e-07
   1.603804e-06
   2.062243e-06
   4.251930e-07
  -3.958208e-07
   6.378665e-07
   2.014196e-06
   1.990987e-06
  -1.691618e-07
   3.719353e-08
   2.705378e-06
   4.176988e-06
  -4.228423e-07
   3.601427e-07
   3.500140e-06
   3.653751e-06
   1.991057e-06
   3.270400e-06
   2.131339e-06
   2.154681e-06
   3.960732e-06
   2.552899e-06
  -3.406165e-07
   1.238951e-06
   2.884047e-06
   1.039466e-06
   2.369470e-06
   1.694557e-06
   2.285725e-06
   4.835376e-07
   7.429031e-07
   9.071925e-07
   2.410012e-06
   6.881408e-09
   2.111463e-06
   8.755283e-07
   8.992876e-08
   2.746452e-06
   2.448262e-06
   2.595621e-06
   2.870245e-06
   2.406971e-06
   3.981826e-06
   2.506839e-07
   1.265064e-06
   2.982221e-06
   5.670915e-06
   1.673177e-06
  -6.523961e-07
   2.222141e-06
   3.465327e-06
   6.042500e-06
   2.151202e-06
   3.884091e-06
   2.482052e-06
   1.280751e-06
   1.549012e-06
   9.217951e-07
   1.338554e-06
   1.251813e-06
  -7.945134e-07
   9.847797e-07
   2.195912e-06
   2.970035e-06
   1.943352e-06
   1.565163e-06
   9.105489e-07
   1.043590e-06
   1.344694e-06
   1.760318e-06
   7.880064e-08
   2.245777e-06
  -1.144792e-06
   6.034415e-07
  -3.183889e-07
  -1.341402e-06
   3.967350e-06
   4.632761e-06
   3.065131e-06
  -1.979561e-06
   3.537078e-06
   1.586034e-06
   1.668515e-06
   3.042611e-07
   1.513976e-06
   2.877686e-06
   5.103982e-06
   1.529741e-06
   2.602242e-06
   1.363723e-06
   6.088962e-07
   3.345153e-06
  -8.787940e-07
   8.418678e-07
   4.180683e-06
   9.999021e-07
   3.434056e-06
   2.298517e-06
   7.434730e-07
   8.212437e-07
   1.127553e-06
   2.871326e-06
   9.645930e-07
   1.892794e-06
   6.638948e-07
   1.469977e-06
   4.863179e-06
   1.627320e-06
   3.423645e-06
   9.586592e-07
   6.733860e-07
   1.920696e-06
   1.485552e-06
  -1.001119e-06
   1.318440e-06
   2.821347e-06
   2.561128e-06
   1.008694e-06
   4.305968e-06
   1.349616e-06
  -1.786860e-06
   1.321959e-06
   9.527650e-07
  -6.113717e-07
   6.794408e-06
   1.891255e-06
   2.596845e-06
   1.065048e-07
   5.183399e-06
   9.830263e-07
  -9.786465e-07
   3.703582e-07
   4.710929e-07
  -7.453759e-07
   1.427494e-06
   3.696910e-06
   3.886404e-06
   2.753645e-06
   2.904555e-06
  -4.361399e-07
   2.054037e-06
   4.339923e-07
   1.069894e-06
  -1.138566e-06
  -4.057311e-07
  -1.564179e-06
   2.060006e-06
   7.101558e-06
   1.883037e-06
  -2.786024e-06
  -5.515103e-07
  -1.628350e-07
  -1.718040e-07
  -1.015639e-06
  -1.306307e-06
   2.791151e-06
   1.056624e-06
  -2.668100e-06
   6.183610e-07
  -9.182896e-07
   1.350668e-06
   9.229303e-07
  -5.683691e-07
  -2.737040e-06
   2.343913e-06
   8.742718e-07
   1.845964e-06
   3.236126e-06
   1.564455e-06
   1.194065e-06
   1.410277e-06
   2.530900e-06
   7.989404e-07
  -2.346621e-06
  -2.664057e-06
   4.857352e-06
   1.195880e-06
   4.850371e-06
  -3.383169e-07
   4.432731e-07
   1.962306e-06
   2.090996e-07
  -1.349900e-06
  -1.277642e-06
   1.729159e-06
   3.077828e-06
   2.482051e-06
  -4.964871e-07
   1.501900e-06
  -1.123822e-06
   3.370755e-06
   1.515524e-06
   4.508632e-06
   5.120971e-06
  -6.583973e-07
   6.631858e-07
   2.970320e-07
   2.985454e-07
   1.851000e-06
   3.181183e-06
   5.116504e-06
  -9.521160e-07
   2.882596e-06
   2.706748e-06
   5.840066e-07
  -1.397950e-06
  -4.544101e-06
   1.048434e-06
  -4.518474e-06
   3.060652e-08
  -3.115271e-07
   6.568162e-07
   3.560609e-06
   1.451017e-06
  -3.779546e-06
   1.417211e-06
   3.920004e-06
   2.427352e-07
   6.064252e-07
   1.638354e-06
   1.136697e-06
   1.268095e-06
   7.068480e-07
  -1.290283e-06
  -5.731967e-07
   2.527055e-06
  -3.469805e-07
   3.843493e-06
   1.576542e-06
   4.120551e-06
   2.078309e-06
   3.618523e-06
   7.785945e-07
   4.173790e-06
   3.646685e-06
   2.823775e-06
   2.282879e-07
   2.903746e-06
  -1.545190e-06
  -1.256384e-06
   1.263644e-06
   3.682738e-06
  -1.595214e-06
   2.189839e-06
   1.416136e-06
   2.390634e-06
  -2.710345e-06
   6.806028e-06
  -2.576339e-06
   3.347913e-07
   3.349622e-08
  -1.401995e-06
   2.698368e-07
   4.352657e-06
   3.297095e-06
   8.336783e-07
  -1.731816e-06
   2.797227e-06
   4.975380e-06
   4.192526e-06
   2.884534e-06
   3.983484e-06
   2.888182e-06
   3.404225e-06
   7.985372e-07
   4.470856e-06
   6.597960e-06
   4.713380e-06
  -7.610496e-07
   2.930075e-06
   1.306521e-06
  -1.104349e-06
  -5.963962e-08
   2.932778e-06
   4.613567e-06
   1.407211e-07
   1.366219e-07
   3.672605e-06
  -8.191792e-07
   1.008160e-06
   4.647347e-07
   3.757118e-06
   5.947634e-07
   6.443723e-07
   1.474894e-06
   4.145900e-06
  -1.684001e-06
   3.059717e-06
   1.088830e-07
   1.198570e-06
   3.273380e-06
   3.758704e-06
   3.348437e-06
   6.040667e-06
   5.592695e-06
   2.432007e-06
   1.509011e-06
   1.291108e-06
   3.425125e-06
   6.048520e-06
   2.051886e-06
   2.490981e-06
   1.282625e-06
  -3.363182e-06
  -3.382145e-07
   3.494448e-06
  -8.517015e-07
  -6.451817e-07
  -2.452568e-06
   4.585365e-06
   8.566365e-07
  -2.418945e-06
  -8.470639e-07
  -7.224649e-07
   2.414693e-06
   1.909827e-06
   3.263724e-06
   2.541298e-06
   1.818101e-07
  -2.728577e-07
   1.233724e-06
   4.377061e-06
   3.160866e-06
   8.791369e-07
   7.098446e-07
   1.168693e-06
   3.812344e-06
   6.468520e-07
   1.514391e-06
   2.430271e-06
   3.006758e-06
   3.335103e-06
   2.296190e-06
   3.161118e-06
   4.696182e-06
  -7.422718e-07
  -5.741909e-07
   8.057825e-07
   1.361530e-06
   1.275196e-06
   2.166844e-06
   5.980170e-06
   2.079306e-06
   1.906461e-06
   7.960725e-06
   2.617429e-06
   1.838290e-07
   4.438282e-06
   3.050407e-06
  -8.869599e-07
  -1.518452e-06
   5.943456e-07
   3.865148e-06
  -2.402810e-08
  -4.070401e-08
  -4.444384e-07
   9.586316e-07
   2.763599e-06
   1.076855e-06
   2.670812e-06
  -8.537371e-07
   1.461926e-06
   1.522824e-06
   8.623110e-07
   1.579250e-06
   2.370184e-06
   2.094928e-06
   1.132199e-06
  -8.599727e-07
   3.722036e-06
   4.216843e-06
   3.085178e-06
  -3.585405e-06
   4.457228e-06
   2.253999e-06
   4.759818e-09
   2.894049e-06
   1.727581e-06
  -5.701809e-07
   7.669491e-06
   5.386583e-06
   2.249812e-06
  -3.305586e-07
   3.035448e-07
  -7.903860e-07
   7.201542e-07
   4.342896e-06
   1.675739e-06
   3.911083e-06
   1.354691e-06
   2.962768e-06
   3.839491e-06
   1.716288e-06
   2.471153e-06
   7.603022e-07
   2.148633e-06
   3.968758e-06
   2.221609e-06
   1.811478e-07
   1.051181e-06
   1.840195e-06
   6.226364e-06
  -9.877038e-07
   6.596253e-07
   2.295900e-06
   5.059134e-06
   2.683291e-06
  -1.321866e-06
   1.883130e-06
   8.272064e-07
   5.756740e-06
   7.331495e-07
   2.422613e-06
   7.132471e-07
  -2.357139e-06
   4.048492e-07
   1.124601e-07
   3.146953e-06
   9.289324e-07
   1.517564e-06
   1.948020e-06
   8.374548e-07
   5.537171e-06
   3.455229e-06
   3.929302e-06
   3.223082e-06
   1.326581e-06
   4.823286e-06
   8.178391e-06
   2.366348e-06
   3.149646e-06
   6.049229e-07
  -1.528695e-06
   3.567198e-06
  -1.196749e-06
   7.100792e-07
   3.543049e-07
   2.139026e-06
  -1.287174e-06
   4.128187e-06
   1.274169e-07
   4.430558e-06
  -2.289261e-06
  -9.060996e-08
   1.148107e-06
   5.377021e-07
   2.809620e-06
  -9.078034e-08
   4.364042e-08
   1.957057e-06
   1.401269e-06
   9.147140e-07
   1.843460e-06
   4.880939e-06
  -4.793909e-08
   5.149513e-07
   1.966393e-06
  -2.347612e-07
   5.902638e-06
   1.833175e-06
   9.272255e-07
  -1.941094e-06
   1.892665e-06
  -2.524401e-07
  -3.541073e-07
  -2.518321e-08
  -1.514009e-07
   1.985092e-06
  -2.691181e-07
   3.104744e-06
   1.602915e-06
   1.147695e-06
   1.960270e-06
   4.378617e-06
   1.309641e-06
   4.556447e-08
  -1.615763e-06
   6.329807e-07
   3.226824e-06
   1.144913e-06
  -3.259590e-07
   7.671602e-07
   1.317818e-06
  -1.103437e-06
   1.357321e-06
   2.192710e-06
   1.680404e-06
   1.107988e-06
   3.656080e-06
   9.121682e-07
  -6.848140e-07
   3.102358e-06
   2.257792e-06
   2.818501e-07
   5.029263e-06
   9.519978e-07
   3.898887e-07
   4.487769e-06
  -1.368763e-06
   1.076034e-06
   1.637035e-06
   3.140044e-06
   5.582057e-07
   3.773565e-06
  -2.347138e-06
  -1.805380e-06
   2.074714e-06
   2.896258e-06
   2.276371e-06
   3.831593e-07
   1.111965e-06
  -2.740876e-07
  -2.166430e-06
   1.515154e-06
   2.263148e-06
  -4.600459e-07
   2.496552e-06
  -2.950400e-07
  -1.137366e-08
  -1.419485e-06
  -2.872969e-07
   8.346241e-07
   1.879001e-06
   3.255428e-07
  -2.730192e-06
   8.092231e-07
   4.566638e-06
   2.932601e-06
  -4.894755e-07
   7.800220e-07
   1.888463e-06
   2.050773e-06
   1.472032e-06
   8.664660e-08
   1.208851e-06
   3.729205e-06
   1.699841e-06
   2.204087e-06
   1.443181e-06
  -2.775016e-06
   2.237909e-06
  -2.849745e-07
   9.213308e-07
   2.615081e-06
   2.681061e-06
   6.367296e-07
  -8.310520e-07
   3.715820e-06
   1.553837e-06
   4.240974e-07
   2.063619e-07
   2.308038e-07
   4.823168e-07
   2.033144e-06
   3.884388e-06
   5.846288e-07
  -9.561605e-07
   3.154888e-07
   4.457132e-06
   3.971182e-06
   2.350468e-06
   3.248270e-06
   1.621018e-06
  -2.334620e-06
   2.113672e-06
   1.548013e-06
   2.851996e-06
  -1.263700e-06
   3.213209e-06
   3.731123e-06
   1.416070e-06
   1.911484e-06
   3.041981e-06
   8.829951e-07
   2.432520e-07
   1.576243e-06
   2.419952e-06
   1.226087e-06
   8.159358e-07
   3.919318e-09
  -1.550862e-06
   1.349545e-08
   1.036175e-06
   1.905535e-06
   1.503444e-06
   2.931247e-06
   2.737467e-06
  -9.152552e-07
  -3.899834e-08
   1.394845e-06
   4.209470e-06
   3.125905e-06
   1.662975e-06
   2.533471e-06
   1.209571e-06
   6.130679e-07
   4.794695e-06
   3.346829e-06
   2.296186e-06
   2.193109e-06
   3.115831e-06
   8.395262e-07
  -1.932281e-06
  -4.971360e-07
  -4.084726e-07
   5.317214e-07
   2.111830e-07
   1.026687e-06
   1.723320e-06
   2.026753e-06
   2.864789e-06
   4.149412e-06
   2.424806e-06
  -1.713801e-06
   2.019309e-06
   4.619075e-06
   1.353045e-07
   1.465744e-06
   2.015307e-06
   2.794992e-06
   3.205774e-07
   1.566397e-06
   2.604413e-06
   2.037371e-06
  -1.357945e-06
   4.442161e-06
  -5.257758e-07
  -1.217374e-06
  -2.320962e-06
  -4.823183e-07
  -3.148127e-07
   1.716814e-07
   6.430102e-07
  -1.556568e-06
   4.350534e-07
   1.014274e-06
   2.004677e-06
   1.378573e-06
  -1.003505e-06
   6.779007e-07
  -4.442875e-07
  -2.489763e-07
   4.918232e-08
   3.119678e-06
   4.152166e-06
   5.287823e-07
  -7.199018e-07
   4.547955e-07
   3.765091e-06
   5.242332e-06
   1.063025e-06
   6.260908e-07
   2.217100e-06
  -3.582295e-08
   1.733180e-06
   1.728491e-06
   2.219817e-06
   3.312027e-06
  -8.031591e-07
   2.284913e-06
  -1.802446e-08
   7.166032e-07
   2.656107e-06
   1.149215e-07
   1.806397e-06
   6.950623e-08
   3.141677e-07
   8.716745e-07
  -9.729399e-07
   1.129430e-06
   7.121482e-07
   2.010519e-06
  -3.734083e-06
  -1.670365e-06
   4.148500e-06
   4.127952e-06
  -1.148885e-08
  -1.110062e-06
   3.736797e-06
   2.267357e-06
   2.511519e-06
  -1.926802e-08
   1.438744e-06
   3.272475e-06
   8.340080e-07
   2.400998e-06
   2.635638e-06
   1.345372e-06
  -3.280145e-07
   3.213790e-07
  -2.820795e-07
   6.688027e-07
   6.400237e-07
   7.106482e-07
   2.472392e-06
   4.933655e-06
  -1.181181e-06
   6.205775e-06
  -1.195632e-07
   2.446735e-06
   1.959257e-06
   7.170693e-07
   8.733906e-07
   1.053172e-06
  -1.016993e-07
   7.096540e-07
   1.612382e-06
   1.706894e-06
   1.279975e-06
   2.961007e-07
   2.015279e-06
  -7.190835e-07
   1.060882e-06
   3.337217e-06
   2.679041e-06
   3.261160e-06
  -3.703378e-07
   2.335507e-07
   2.820284e-06
   2.663786e-06
   1.009672e-06
   1.790461e-06
   1.275261e-06
   3.574844e-09
   1.198668e-06
   2.127723e-06
   4.799323e-06
  -1.684049e-06
   5.255790e-06
   5.512224e-06
   1.239346e-06
   1.201441e-06
   4.403976e-06
  -9.374792e-07
   1.190954e-06
   1.430476e-06
   1.385443e-06
   2.970665e-07
  -1.155211e-07
   1.112990e-06
   2.144521e-06
  -1.000789e-06
   1.426883e-06
   4.056426e-06
  -8.861240e-07
   3.014001e-06
   2.086413e-06
   2.319378e-06
   1.107846e-06
   1.374499e-06
   3.121944e-06
   5.479815e-06
   2.742300e-06
   1.737414e-06
   7.368618e-07
   4.358179e-08
  -6.159684e-07
   7.119584e-06
  -4.391680e-06
  -9.894386e-07
   9.144177e-07
   3.322568e-06
   1.890704e-06
   3.390876e-07
  -5.109277e-07
  -5.870168e-08
  -9.473179e-07
   9.174560e-07
  -1.442125e-07
   9.792778e-07
   1.661489e-06
   7.160657e-07
   1.236096e-06
  -1.363379e-06
   6.366149e-07
   2.031942e-06
   1.402786e-06
   2.344020e-06
   3.332311e-07
   1.129127e-06
   1.325600e-06
   2.834138e-06
   2.821618e-06
   2.942560e-06
   2.958933e-06
   2.836462e-06
  -1.088089e-07
   2.576300e-06
   2.565980e-06
   2.650563e-06
  -9.104370e-07
   1.326342e-06
   3.015730e-06
   3.131661e-06
  -3.158344e-07
  -1.550052e-06
  -2.556679e-08
   2.160918e-06
  -1.747303e-07
   3.330879e-06
   1.027477e-07
   8.333110e-07
   6.873442e-07
  -4.864774e-07
   5.412402e-07
   3.131150e-06
   1.565128e-06
   1.423339e-06
   6.729487e-07
   1.763404e-06
   6.626706e-08
  -7.514191e-08
   2.312872e-07
   1.645119e-06
   2.387829e-06
   3.500265e-06
   3.314409e-06
   1.004490e-06
  -1.472460e-06
   1.573399e-06
   1.563332e-06
   3.554681e-07
  -3.226972e-06
   8.548247e-08
   2.157078e-06
   2.654352e-07
   1.089364e-06
  -1.427288e-06
  -2.721751e-07
   2.039487e-06
   2.925093e-06
   1.554647e-06
   1.269301e-06
   8.333110e-07
   7.603276e-07
   1.369251e-07
   1.146850e-07
  -3.341104e-07
   9.276174e-07
   1.411367e-06
   1.360446e-06
   1.138803e-06
   6.025349e-07
   1.343677e-06
   4.267824e-06
   1.127222e-06
  -1.002841e-06
   6.020587e-07
   1.281150e-06
   2.342534e-06
   5.575970e-06
   3.626425e-06
   1.717412e-06
   4.349509e-07
  -1.566492e-06
   8.487138e-07
   2.711627e-06
   6.959639e-07
  -1.323624e-06
  -1.604462e-06
   1.176336e-06
   3.344113e-06
   6.813894e-07
  -1.592030e-06
   2.150508e-06
   8.333110e-07
   7.968193e-07
   4.668722e-07
   1.170943e-06
   1.798698e-06
   2.706650e-06
   1.934067e-06
   1.905660e-06
   2.925589e-07
   1.045957e-06
   5.794929e-07
   1.640990e-06
   6.065013e-06
  -4.621840e-07
   3.551433e-07
   6.136161e-07
   1.508525e-06
   3.788382e-07
   1.330136e-06
   1.244939e-06
   2.773735e-06
  -1.907456e-06
   2.164239e-06
   1.015354e-06
   1.138109e-06
  -4.641647e-07
   5.268557e-07
   3.343047e-06
   8.089179e-07
   5.879304e-07
   3.553280e-07
   2.070083e-06
   8.333110e-07
   8.150652e-07
   1.195152e-06
   2.303518e-06
   1.521453e-06
   4.621415e-07
   6.029048e-08
   1.970715e-06
   3.143404e-06
   2.709240e-06
   1.599053e-06
   1.430751e-06
  -1.408861e-06
  -4.013207e-07
   6.670824e-07
   2.436190e-06
   9.983581e-07
   3.472146e-06
   2.697515e-06
   1.259124e-06
  -1.650812e-07
   5.362202e-08
   1.108930e-06
   1.275765e-06
   1.703011e-06
  -2.198000e-06
   5.343135e-07
  -1.378212e-06
  -1.671997e-06
  -1.108780e-06
  -3.767258e-07
   8.466788e-07
  -1.384532e-07
   5.430755e-07
   7.560615e-07
   1.306402e-06
   4.397092e-08
   1.491090e-07
   2.632575e-06
   1.100687e-06
   2.006857e-06
   2.058250e-06
   2.289535e-06
   1.234680e-06
   3.194608e-06
   2.060688e-06
   9.077562e-07
   3.114716e-06
   1.969804e-06
   2.779527e-06
   2.438760e-06
   1.302554e-06
   9.839827e-07
   2.499809e-07
   6.838238e-07
   1.300295e-06
   1.636092e-06
   2.088273e-06
  -2.307465e-06
   1.334795e-06
   1.725590e-06
   2.062615e-06
   1.264589e-06
   1.264589e-06
  -8.199820e-07
   1.326084e-06
   1.113899e-06
   2.394995e-06
   6.064296e-07
   1.830594e-07
   1.668473e-06
   4.486768e-06
   4.376815e-06
  -7.235392e-07
   1.658007e-06
   2.663948e-06
   7.126372e-07
   1.178754e-06
   8.563656e-07
   1.989107e-06
   3.838416e-06
  -1.283894e-07
   3.234198e-06
   1.205206e-06
  -9.211348e-07
   3.910781e-06
   5.011955e-07
   3.058224e-06
   1.519708e-06
   1.275419e-06
   1.377862e-06
  -1.212224e-07
   1.779360e-06
   1.019263e-06
  -4.398669e-09
   1.172732e-06
   1.183616e-06
   2.033995e-07
  -2.154212e-08
  -4.799318e-07
  -7.781778e-07
  -4.078764e-07
  -6.285107e-07
   2.723271e-06
   3.800478e-06
   6.943131e-07
  -9.939992e-07
   2.479456e-06
  -1.100248e-06
   5.883682e-06
  -6.501550e-07
  -1.244924e-06
  -4.519037e-07
   1.680692e-06
   2.958473e-06
   5.974238e-07
  -7.663283e-07
   6.544405e-07
   1.483947e-06
   1.280606e-06
   1.613218e-06
   1.158316e-07
   9.877373e-07
   2.908086e-06
   1.435412e-06
   2.583475e-06
   2.120749e-06
   2.258004e-06
   1.289873e-06
   1.116999e-06
   9.280457e-07
   1.688680e-06
   5.128587e-07
   4.147064e-07
   1.651899e-06
   3.234350e-06
   4.001578e-06
   1.121410e-06
  -9.763707e-07
   1.457304e-06
   4.210419e-06
   3.412748e-06
  -1.779445e-07
   1.204545e-06
  -1.190432e-06
   1.379238e-06
   6.406532e-07
  -1.007656e-06
   1.768268e-06
   4.921141e-06
   9.687333e-07
  -4.747700e-07
   3.536727e-06
   1.837124e-06
   1.584852e-06
  -3.788220e-08
   2.291615e-06
   1.909027e-06
  -6.796608e-08
   2.786701e-06
  -1.316913e-06
  -5.368230e-07
   7.697418e-07
   1.918003e-06
  -4.087750e-07
   1.139137e-06
   3.587051e-06
  -1.208929e-06
  -2.516554e-07
   7.661214e-07
   3.188184e-06
   2.012349e-06
   3.526654e-06
   3.734836e-06
   1.618622e-06
   3.322056e-06
   2.880696e-06
   2.455037e-06
   3.105176e-06
   2.335430e-06
   5.206763e-06
   2.693280e-06
  -2.055385e-06
   2.096668e-07
  -2.170211e-06
   1.112688e-06
   3.552427e-06
   1.631738e-06
   2.370436e-06
   2.828986e-06
   2.738458e-06
   7.078220e-07
   1.606206e-07
  -1.041112e-07
   8.887839e-07
   2.000721e-06
   1.408190e-06
   2.370557e-06
   8.618190e-07
   1.623431e-06
   1.658630e-06
   1.520970e-06
   3.281416e-06
   1.391559e-06
   4.149014e-06
   6.052829e-07
  -4.044575e-07
   4.019629e-06
   4.033605e-06
   2.966796e-06
  -6.918732e-07
   1.655220e-06
   2.999605e-06
   2.700603e-06
   2.077137e-06
   6.346250e-06
   1.705796e-06
  -5.163803e-07
   3.152129e-07
   1.167632e-06
  -5.215405e-07
   1.494823e-06
   1.065706e-06
   1.141868e-06
   3.094224e-06
   1.162069e-06
   2.058490e-06
   5.895829e-06
   1.670257e-06
   1.141133e-06
   1.148216e-06
   1.303121e-06
   3.741774e-06
   1.059684e-06
   1.341391e-06
   3.749044e-06
   2.843075e-06
   1.172716e-06
   2.012419e-06
   3.744180e-06
   5.200491e-06
   6.070415e-06
   9.128648e-07
  -3.015023e-06
   2.435834e-06
   2.788374e-06
   2.354176e-06
   2.197017e-06
   3.163527e-06
   2.897830e-06
   1.146657e-06
   1.888867e-06
  -6.194210e-08
  -9.315987e-08
   7.965740e-07
  -5.789872e-07
  -8.572573e-07
   4.960958e-07
   2.872760e-07
   4.414524e-06
   4.175156e-06
   2.742245e-06
   1.286789e-06
   1.040287e-06
   2.069650e-06
   1.426890e-06
  -2.724581e-06
   5.148798e-06
   3.068271e-06
   2.883871e-06
   1.557791e-06
   3.444487e-06
   5.031490e-06
   5.936334e-07
   1.287940e-06
   8.952271e-07
   1.907116e-06
   2.222212e-06
   2.468572e-06
   3.168333e-07
  -2.654956e-06
   1.226376e-06
   1.213269e-06
   2.132637e-06
  -1.521935e-06
  -9.330472e-08
   2.090761e-06
  -2.251948e-06
   1.687316e-06
   1.843479e-06
   7.076032e-09
   8.385326e-07
   4.313608e-06
   2.644626e-06
   8.780265e-07
   5.466764e-07
   1.882709e-06
   2.219828e-06
   3.454708e-06
   5.602393e-07
   1.397338e-06
   4.028766e-06
   1.004539e-06
   1.434641e-06
   3.831885e-06
   2.056724e-06
   2.663790e-06
   1.752656e-06
   2.572724e-06
   2.335486e-06
   4.981066e-06
   1.987228e-08
   5.803257e-07
  -6.350266e-07
   4.105548e-06
   2.358605e-06
   1.820368e-06
   6.453996e-07
   4.199652e-08
  -9.546608e-08
   1.776194e-06
   1.467895e-06
   1.220009e-06
   1.722544e-06
   1.440946e-06
   3.361694e-06
   3.648781e-06
   2.891224e-06
   2.694680e-06
  -1.224141e-06
   1.115284e-06
   1.012800e-06
   4.667740e-06
   1.028481e-06
   2.049310e-07
  -2.542346e-06
   4.608843e-06
   1.594090e-06
  -1.902249e-06
   1.698952e-06
   4.058401e-06
  -4.340583e-07
   2.501976e-06
   9.757531e-07
   6.035716e-07
   2.753981e-07
   1.576255e-06
   2.475849e-06
   2.951769e-06
   3.873103e-06
   1.623130e-06
  -6.270469e-08
  -1.082640e-07
   1.727584e-06
   1.320162e-06
   1.367425e-06
   2.473398e-06
   5.712424e-06
   4.692785e-06
   8.718205e-07
   4.895079e-06
   2.274862e-06
   7.882127e-07
  -2.292062e-06
   2.652360e-07
  -1.173588e-06
   2.772148e-06
   3.524019e-06
   2.786050e-06
   1.613044e-06
   1.264719e-06
   9.181067e-07
   2.033609e-06
   2.514183e-06
   4.485145e-06
   1.160573e-06
   2.303984e-06
   1.144147e-06
  -5.290833e-07
   3.492686e-06
   3.637755e-06
  -5.101440e-07
   1.069843e-06
   3.184331e-06
   1.324247e-06
   4.656107e-06
   3.257050e-06
   2.312237e-06
   1.961878e-06
   1.638920e-06
  -6.347109e-07
   1.860545e-06
   4.338169e-06
   1.541318e-06
   2.054767e-06
   2.556705e-06
   2.569461e-06
   2.433102e-06
   2.932231e-06
   3.099780e-06
   2.161531e-06
   2.818440e-06
   1.838401e-06
   2.906276e-07
   2.785008e-07
   8.950008e-07
   2.472117e-06
   1.456169e-06
   2.987878e-06
   2.526289e-06
   1.150252e-06
   1.406748e-06
  -2.040450e-07
   8.994920e-07
  -1.794453e-08
   2.241389e-06
  -1.203666e-06
   2.198395e-06
   3.794881e-06
   3.043267e-06
   1.422957e-06
   7.749685e-07
   3.162418e-06
   2.517729e-06
   2.879892e-06
   4.348022e-06
   1.844421e-06
  -8.552852e-07
   8.570878e-07
   2.593235e-06
   3.591445e-06
   2.843090e-06
  -5.814633e-08
   2.284457e-06
  -1.612844e-06
   1.894602e-06
   2.038616e-06
   1.883184e-06
   3.052155e-06
   9.488308e-07
   1.262868e-06
   2.994511e-06
   1.197056e-06
   3.506318e-06
   1.134899e-06
  -7.117349e-07
  -8.021286e-07
   8.849689e-07
  -2.307596e-07
   1.546260e-06
  -3.484757e-07
   4.642992e-06
   1.882199e-06
   1.419096e-06
  -2.581474e-07
   2.168062e-06
   4.049842e-06
   6.381519e-06
   3.835027e-06
   4.359974e-06
   2.902790e-06
   3.491307e-06
   9.177332e-10
   4.096155e-06
   3.993247e-06
   3.188024e-06
   5.160245e-06
  -2.802340e-06
   2.468696e-06
   1.546964e-06
   1.244287e-06
  -6.171461e-07
   1.770728e-06
  -9.896355e-08
  -9.425497e-07
   7.000057e-07
   2.393377e-06
   4.307554e-06
   2.018997e-06
   1.215647e-06
   1.392072e-06
   2.121185e-07
   5.365627e-07
   3.252633e-06
   3.356198e-06
   2.386601e-06
   8.696894e-07
   1.987801e-06
  -8.025142e-08
   1.317921e-06
   1.055595e-06
   2.707785e-06
   2.805287e-06
   2.341829e-06
  -6.252450e-08
  -4.279945e-06
  -3.904809e-06
   1.314149e-06
   2.349265e-06
  -7.686693e-07
   3.438110e-06
   3.529239e-06
   9.951731e-07
   1.559295e-06
   1.263232e-06
   1.521306e-06
   6.910155e-07
  -2.157122e-06
   1.181275e-07
   1.939771e-06
   3.354916e-06
  -1.668224e-06
   2.056270e-06
  -1.002282e-06
   2.421851e-06
  -2.011184e-07
  -3.046709e-06
   4.593397e-06
  -7.876384e-07
  -1.416640e-06
   3.807516e-06
  -2.085179e-06
   4.378548e-07
   1.138332e-06
   1.688279e-06
   3.133247e-06
   2.098938e-06
   3.226090e-06
   1.778311e-06
   1.987132e-06
   2.112858e-07
   6.378004e-09
  -1.430773e-07
   1.885497e-06
   2.580038e-07
   4.595921e-06
   4.489837e-06
  -2.572826e-07
   3.509024e-06
   1.884242e-06
   1.930801e-06
  -2.151450e-08
   1.054180e-07
   1.821365e-06
   6.089400e-07
  -7.720979e-07
   1.353784e-06
   2.411599e-06
   8.621734e-07
   8.541271e-07
  -7.210707e-07
  -1.666916e-06
   3.728054e-06
  -9.285524e-08
   2.343149e-06
   2.693557e-07
  -3.237490e-07
   4.250926e-06
   2.636227e-06
   2.283437e-06
   1.908736e-06
   2.475775e-06
   7.532068e-07
   4.784835e-06
   4.378701e-06
   2.786448e-06
   9.240276e-08
   1.286157e-06
   3.467197e-06
   1.766874e-06
   3.163387e-06
   4.300823e-06
   5.742350e-06
   7.323694e-07
  -1.094420e-06
   1.967460e-06
   8.078287e-07
   1.225970e-06
   1.195154e-06
  -3.921096e-07
   1.804532e-06
  -7.278635e-07
  -1.283855e-06
  -3.706743e-07
  -1.018127e-06
  -1.968102e-07
   4.338251e-06
   2.266685e-06
   4.674127e-06
  -9.176457e-07
   1.911607e-06
   1.116280e-06
  -2.454187e-07
   1.845014e-06
   4.122681e-06
   1.175574e-06
   8.647461e-07
   8.653969e-07
   1.343266e-06
   8.574746e-07
   3.483969e-06
   2.255638e-06
   3.076826e-06
  -4.339072e-07
   2.874104e-06
   1.823398e-06
   4.554530e-07
   1.895107e-06
   1.006717e-06
   3.642179e-06
   2.592971e-06
   1.729896e-06
   4.302254e-06
  -1.547319e-06
   6.418885e-07
   2.486202e-06
   9.242088e-07
   1.304552e-06
  -2.692381e-06
   8.313589e-07
   2.037217e-06
  -3.361288e-06
   1.373607e-06
   5.154946e-07
   2.195440e-08
   1.027019e-06
   2.410712e-06
   1.337838e-06
   2.500918e-06
   2.068817e-06
   5.599132e-06
   4.776356e-06
  -7.809740e-07
   9.999367e-07
   7.464279e-07
  -9.927645e-07
   4.364575e-06
   1.615397e-06
  -1.341782e-06
   3.262407e-06
   9.081655e-07
   8.096137e-07
  -1.522058e-06
   4.164683e-07
   1.179884e-06
   8.483636e-07
   2.912526e-06
   3.101707e-06
   1.616124e-06
   8.224554e-07
   8.497624e-07
  -9.817962e-08
   1.829102e-06
   5.171814e-06
   1.915646e-07
   4.225106e-06
  -1.859848e-06
   1.456780e-06
   3.155309e-06
   1.692701e-06
   1.628030e-06
   2.486816e-06
   1.534251e-06
   2.887656e-06
   4.794483e-06
   3.960028e-06
   1.643906e-06
  -1.000323e-06
   1.857752e-06
   7.786934e-07
  -1.892701e-07
   1.843457e-06
  -4.083913e-07
  -7.716715e-07
   2.304225e-06
   2.345086e-06
   1.100465e-06
   9.744146e-07
   9.984726e-07
   6.988960e-07
   2.151523e-06
   3.636386e-06
   2.029915e-06
   2.413126e-06
  -2.338888e-06
   1.814125e-06
   2.841271e-06
   2.294075e-06
   3.258025e-06
   3.199888e-06
   1.726488e-06
   6.496282e-07
  -2.124800e-06
  -1.299196e-06
   1.954229e-06
   4.455344e-07
   1.342222e-06
   2.411325e-06
   2.260449e-06
   1.673593e-06
   8.826373e-07
  -1.691056e-07
   9.444197e-07
   2.236056e-06
  -1.361668e-06
  -1.414914e-07
   1.916895e-06
   4.314565e-06
  -2.235734e-07
   2.183883e-07
  -8.915226e-07
  -2.003491e-06
   2.654687e-06
  -1.427977e-06
   1.220387e-06
   1.803074e-06
   2.222514e-06
   2.896390e-06
   3.205921e-06
   2.117842e-06
   7.051802e-07
   1.304055e-06
   9.325550e-07
  -6.200427e-07
   6.612432e-06
   3.752508e-06
   4.992560e-06
   3.780687e-06
   1.926775e-06
   1.191066e-06
   6.932767e-07
   1.114438e-06
   1.683098e-07
  -1.428218e-06
   1.899998e-06
   2.068027e-06
  -1.685975e-06
  -3.495212e-07
   3.104969e-06
   5.853149e-07
  -5.483534e-07
   1.014235e-06
  -7.704332e-07
   5.109940e-09
  -2.726879e-06
  -1.197880e-06
  -7.184111e-08
   1.356270e-06
  -1.812625e-06
   1.582495e-06
   3.663719e-06
   2.266193e-06
   2.270704e-07
   7.097543e-09
   1.319719e-06
   3.036690e-06
   6.676740e-07
  -2.071975e-06
   4.464136e-06
   2.077999e-06
   1.393124e-06
  -1.871231e-07
   3.175609e-06
   9.351028e-08
   2.553046e-06
   1.746896e-07
   1.514461e-06
   2.263546e-06
  -1.791349e-06
   1.127919e-06
   1.730839e-06
  -3.318335e-07
   1.773806e-06
   6.177222e-06
  -3.247069e-07
   9.394932e-07
   2.551260e-06
  -5.648224e-07
   3.938420e-06
  -8.931172e-07
   2.500409e-07
  -9.572198e-07
  -6.065925e-06
  -9.220417e-07
   2.082529e-06
   2.238283e-06
  -2.073035e-07
   1.414693e-06
   3.268617e-08
  -4.575092e-07
   2.187755e-06
   1.020634e-06
   1.206656e-06
   2.141035e-06
   5.196296e-06
   1.258390e-06
   2.796209e-06
   1.813198e-06
   2.468694e-06
   3.208149e-06
   1.924265e-06
   4.505925e-08
   3.022303e-06
   7.808577e-07
  -3.676391e-07
  -1.139473e-06
  -9.805260e-07
   3.612573e-07
  -1.353467e-07
  -7.987546e-07
  -1.696095e-06
  -1.581029e-06
  -9.080966e-07
   4.045107e-07
  -1.584825e-06
   9.069386e-07
   4.460977e-07
  -1.116162e-06
   4.792355e-07
   7.429075e-07
  -1.494114e-06
   1.966612e-06
  -1.036642e-06
   2.690306e-06
   7.628659e-07
   2.348309e-06
   1.581727e-06
   9.066189e-07
   6.713419e-07
   2.249046e-07
   6.503281e-07
  -2.920557e-06
  -4.141086e-07
   6.865256e-07
   9.971764e-07
   2.195526e-06
   2.297100e-07
   1.960594e-06
   1.680697e-06
   3.137874e-07
   1.850392e-06
   1.705553e-06
   4.065021e-06
   2.890321e-06
  -6.479365e-07
  -3.842118e-06
  -3.360883e-07
   3.603122e-06
  -1.219327e-06
   2.614742e-06
   2.761172e-06
   2.571814e-06
   4.621902e-06
   9.321584e-07
   3.324860e-07
   1.148483e-06
   1.849116e-06
  -6.174898e-07
   5.665872e-07
  -1.202598e-07
  -1.688802e-06
  -1.809826e-06
   2.828270e-06
  -1.787442e-06
   8.519334e-07
   2.117975e-06
   2.582298e-06
   4.808544e-06
  -2.869641e-06
   7.081136e-08
   1.804320e-06
  -2.637196e-06
   2.024310e-06
   1.336974e-06
   2.031502e-06
   1.030482e-06
  -1.830379e-06
   4.337313e-07
   4.794687e-07
   1.148798e-06
  -6.361952e-07
  -2.569992e-07
  -1.488068e-06
   1.212346e-06
   5.194412e-07
   2.790529e-07
   2.285937e-06
   7.294857e-07
   2.221280e-07
   1.054789e-06
  -5.829642e-07
  -1.363443e-06
   1.357028e-07
   1.655513e-06
   9.701567e-07
   1.421869e-06
   3.489658e-07
  -1.540018e-07
   2.405497e-06
  -1.253158e-06
   5.121585e-07
  -6.120278e-07
   6.527914e-07
   7.660817e-07
  -2.135916e-06
  -4.134679e-07
  -1.102076e-06
   2.906753e-07
   1.165423e-06
   1.960877e-06
   4.280507e-06
   1.943503e-06
   2.444692e-06
  -1.518475e-06
   3.296448e-06
   3.834360e-06
   1.023228e-06
   4.892047e-07
   1.454963e-06
   1.371348e-06
   9.583099e-08
  -1.072572e-06
  -1.050906e-07
   1.101861e-07
   1.939543e-06
   1.215421e-06
  -2.025026e-06
   2.882426e-06
  -5.036384e-07
  -1.356243e-06
  -4.699905e-07
  -1.494549e-07
   4.852786e-06
   5.886379e-07
   1.277667e-06
   2.591570e-06
  -9.783912e-07
  -2.701023e-06
  -3.047655e-06
   6.887274e-08
   1.232150e-06
   1.963846e-06
   3.674874e-07
  -9.998760e-08
   4.754504e-06
  -2.266255e-06
   2.048556e-06
   3.169223e-06
   1.058009e-06
  -8.004254e-07
   5.462493e-07
   9.842106e-07
  -2.180058e-06
  -9.768847e-07
   1.736786e-06
  -3.473733e-06
   6.387472e-07
   3.846183e-06
   7.291048e-07
   2.317748e-06
  -5.036384e-07
  -9.299405e-07
  -6.999655e-07
  -5.779744e-07
  -8.845026e-07
  -2.474844e-06
  -1.188649e-06
  -3.230709e-06
  -1.588965e-06
  -2.144994e-06
  -5.095998e-07
   1.888236e-06
   1.730459e-06
   1.247571e-06
  -2.510220e-07
   2.718333e-06
   2.157110e-06
   1.903111e-06
   3.994806e-06
   1.836640e-06
   8.400114e-07
   6.058959e-07
   2.029982e-06
   2.894977e-06
   1.320635e-06
   1.581517e-06
  -9.552618e-07
  -4.394671e-07
   2.429957e-07
   4.034071e-07
   3.661573e-07
   3.341714e-06
  -5.036384e-07
  -7.167894e-07
  -7.083775e-07
   6.464662e-07
   4.316269e-06
   1.665565e-06
  -3.267081e-07
  -1.636694e-06
  -5.577947e-07
   2.599061e-07
   1.266014e-06
   3.109924e-06
   1.310910e-06
  -1.136745e-07
  -3.337093e-07
  -9.770945e-07
  -7.475068e-07
  -3.946895e-08
   1.529307e-06
  -6.574798e-07
   5.270511e-07
   1.778102e-06
   4.072805e-06
   2.023415e-06
   1.442807e-06
   1.095321e-06
   5.618753e-07
   1.985921e-06
   2.341574e-07
   3.226464e-07
   9.220113e-08
  -4.122003e-07
  -5.036384e-07
  -6.102139e-07
  -5.875478e-07
  -4.440521e-07
   1.357860e-06
   2.013643e-07
   8.501326e-09
  -3.020167e-06
   5.051694e-07
   2.476399e-06
   1.353613e-06
  -3.789477e-07
  -6.438688e-07
  -2.501964e-07
   6.954029e-09
   1.974177e-06
  -2.166390e-06
  -1.438212e-06
   8.928499e-07
  -5.148694e-07
  -1.779978e-06
  -1.942458e-06
   1.065173e-06
   1.357653e-06
   9.843704e-07
   7.950859e-07
  -5.778028e-07
   2.224373e-06
   2.481537e-06
   2.888990e-06
   1.490596e-06
   5.391976e-07
   2.694099e-06
   1.787128e-06
   8.733426e-07
   2.407916e-06
   5.928265e-07
   9.744661e-07
   3.368605e-06
   2.723888e-06
  -4.325783e-07
   1.840701e-06
   5.396551e-07
   4.299777e-06
   4.060349e-06
   2.875161e-06
  -1.159037e-06
   2.062363e-06
   1.229723e-06
   4.097256e-06
   9.892136e-07
  -1.340862e-06
   4.529632e-06
   2.333448e-06
   1.319373e-06
   3.483357e-06
   2.722567e-06
   2.854259e-06
   1.168293e-06
  -1.829372e-06
   6.763592e-08
   2.335414e-06
   1.498194e-06
   1.498194e-06
   3.601070e-06
   4.426011e-06
   1.238027e-06
   9.618314e-07
   1.834466e-06
   2.059180e-06
   2.675731e-06
   2.995834e-06
   2.478371e-06
  -1.593398e-07
   7.186553e-07
   6.510731e-07
   1.745231e-06
   2.372662e-06
   2.045522e-06
   4.664901e-06
  -1.356513e-07
  -1.882574e-06
   2.112472e-07
  -1.131198e-06
  -2.263980e-06
  -7.422944e-07
  -1.858686e-06
   2.634863e-07
   1.830086e-06
   1.466490e-06
  -5.519196e-07
   3.302745e-07
  -3.031346e-07
   1.082856e-06
   4.596335e-07
   1.067989e-06
   9.216959e-07
   4.719770e-06
  -1.309079e-06
   1.471786e-06
  -6.804204e-07
   1.219355e-06
   2.279306e-06
   1.823233e-06
   2.927271e-06
   2.244993e-06
   3.967047e-06
  -2.366925e-06
   1.981615e-06
   6.288232e-07
   2.303564e-06
   1.162174e-06
   3.187714e-06
   2.402869e-06
  -8.777351e-07
   6.144323e-08
   2.788600e-06
   1.806140e-07
   3.114550e-06
   1.027562e-06
   1.977891e-06
   1.733534e-06
   3.277768e-06
  -3.214356e-06
   6.472408e-08
   3.141408e-06
  -1.435718e-08
   1.246138e-06
  -9.394159e-07
   2.533753e-06
   7.550435e-08
  -9.981612e-07
   1.979932e-06
   1.054278e-06
   1.533436e-06
  -9.094794e-07
   3.989060e-06
   2.668661e-06
   8.943889e-07
   1.046924e-06
   5.482196e-07
   2.085314e-06
   4.374004e-06
   5.792508e-07
   5.631229e-06
   1.394499e-06
   3.324244e-06
  -5.338936e-07
  -1.159734e-06
   4.167386e-06
   2.477640e-06
   2.527447e-06
   3.320381e-06
   9.407718e-07
   3.143647e-07
  -3.368076e-06
   2.425315e-06
   1.230543e-06
   1.488611e-06
   4.188748e-07
  -7.020094e-07
   1.721069e-06
   1.635459e-06
   3.109805e-06
   1.564257e-06
  -3.645422e-08
   3.709639e-06
   1.154539e-06
   1.026064e-06
   3.546205e-06
   3.337821e-06
   3.065781e-06
   2.907299e-06
   2.790209e-06
   2.317810e-06
  -7.919661e-07
   1.401454e-06
   1.728247e-06
   2.388789e-06
  -5.595616e-07
   3.135571e-06
   2.999920e-06
   1.011776e-07
   3.103444e-08
   9.776193e-07
   3.964320e-06
   4.069951e-07
  -4.895129e-06
  -3.203110e-07
  -2.133163e-06
   2.292783e-06
  -7.122859e-07
  -3.705874e-07
   1.467402e-06
   1.552862e-06
   1.555726e-06
   1.157915e-06
   9.190395e-07
   1.020553e-06
   1.058499e-06
   2.258170e-06
   2.290889e-06
   3.295770e-06
   4.812598e-06
   5.224985e-06
   2.163832e-06
   2.898995e-06
   1.667805e-06
   1.888868e-06
   5.111553e-07
   3.032756e-06
  -1.122529e-06
   1.448353e-06
   4.595545e-06
   2.965476e-06
   2.531816e-06
   1.785344e-06
   7.954013e-07
   2.270200e-07
  -1.189312e-06
  -9.282042e-07
  -1.740335e-07
   1.667569e-08
   1.844492e-06
   2.378365e-06
   6.886878e-07
   1.412680e-06
   7.637670e-07
   5.926383e-07
   2.796983e-07
   5.649038e-07
   2.050490e-06
   4.657231e-06
   1.444648e-06
   3.171726e-06
   4.634917e-06
   1.001150e-06
   3.311279e-06
   1.951083e-06
   2.072078e-06
   2.597345e-06
  -4.605249e-06
  -1.488321e-06
  -2.983264e-06
  -8.151742e-07
   6.245559e-07
   8.407285e-07
  -1.067846e-06
   2.836538e-06
   3.456930e-07
  -1.648596e-06
  -1.871840e-06
   2.146218e-07
   5.959552e-07
   2.244868e-06
   9.487295e-07
   3.840964e-06
  -1.779704e-06
   2.645403e-06
   3.109574e-06
  -9.638691e-07
   2.892017e-06
  -1.091126e-06
   6.957335e-06
   4.292136e-06
   1.261842e-06
   3.311569e-06
   6.610637e-08
   6.280207e-07
   5.048226e-07
   2.008662e-06
   1.781677e-06
   1.264292e-06
   3.289862e-07
  -1.397526e-06
   1.627518e-06
   2.392997e-06
  -8.865538e-07
   5.536432e-08
  -1.977418e-06
   3.242250e-06
   1.807503e-06
  -2.897327e-06
   2.798897e-06
   3.062576e-06
   4.946025e-07
   2.650274e-07
  -1.253293e-06
  -3.149488e-06
   2.979686e-06
  -1.421416e-06
   6.292785e-07
   1.912173e-06
   3.507305e-06
   5.717726e-06
  -2.507951e-07
   2.059797e-06
  -4.257934e-07
   2.555298e-06
  -9.714327e-07
   9.400036e-07
  -2.587692e-06
  -2.204029e-06
  -1.773853e-07
  -1.888840e-06
  -1.149708e-06
  -3.116292e-06
  -1.023753e-06
  -2.101650e-06
  -5.192936e-07
   2.244700e-06
  -4.219897e-07
  -2.027405e-06
   2.063639e-07
   2.964975e-06
  -3.563430e-06
  -3.834164e-06
   3.465225e-07
   1.306515e-06
  -2.831202e-06
  -2.950942e-07
   1.893197e-08
   2.650948e-06
   5.464996e-07
   1.804343e-06
   1.424031e-06
  -5.680892e-07
   3.415370e-06
   4.623639e-06
   1.432774e-06
   1.994036e-06
   1.178917e-06
   2.273576e-06
   2.710931e-06
   6.320340e-07
   1.601650e-06
   1.556749e-06
  -7.710632e-07
  -1.232615e-06
  -1.582487e-06
  -7.674193e-06
  -1.333671e-06
  -5.231214e-07
  -2.193237e-06
  -6.459358e-07
  -1.480001e-06
  -1.798790e-06
  -2.705779e-06
  -6.399422e-07
   4.409752e-06
  -1.494798e-06
  -5.861470e-07
   1.094010e-06
   7.008173e-07
   2.143290e-06
  -1.385038e-06
   4.201377e-06
   9.525665e-07
   3.078937e-06
   3.689354e-06
   1.594625e-06
   3.432303e-06
   1.851630e-06
   1.419489e-06
   2.178206e-07
   3.469042e-06
   2.912971e-06
  -3.957634e-06
   2.045911e-06
  -2.258679e-06
  -1.046759e-06
  -2.585627e-06
  -3.980137e-06
  -5.702404e-06
  -8.102777e-07
  -1.845565e-06
  -2.807322e-06
  -9.853562e-07
  -1.926832e-07
  -2.755116e-06
  -4.295777e-07
  -2.664970e-06
   1.229088e-06
   4.352163e-06
   7.778243e-07
   6.184107e-08
   6.140478e-07
  -3.854952e-07
   1.763679e-06
   3.088103e-06
   2.678231e-06
   7.293895e-07
   3.289620e-06
   1.887257e-06
   5.606932e-07
   4.233177e-06
   2.041461e-06
   2.365798e-06
   2.458563e-06
   4.150791e-07
   1.811306e-06
   1.044829e-06
   6.892861e-07
   2.024404e-06
  -4.334642e-06
  -2.804965e-07
  -1.099147e-06
  -2.384274e-06
   1.204309e-06
   5.385814e-07
  -2.874404e-07
  -3.544988e-07
   2.243951e-06
  -6.524389e-07
   4.723958e-06
   1.626122e-07
   9.799201e-07
  -4.140480e-07
  -3.629874e-07
   1.850743e-07
   1.507307e-07
   3.655931e-06
   4.787147e-06
   3.146333e-06
   4.599727e-06
  -1.386468e-06
   3.237904e-07
   2.083361e-06
   2.062411e-06
   1.470881e-06
   2.096921e-06
   2.744308e-06
   3.739405e-06
  -7.623128e-07
  -5.584678e-07
   1.716040e-06
  -2.210747e-06
  -1.257936e-06
  -9.215393e-07
  -2.502628e-07
  -2.769100e-07
  -2.075002e-07
  -1.141161e-06
   1.523752e-06
   4.326809e-07
   1.737576e-07
  -3.917710e-06
  -1.066988e-06
  -1.865339e-06
  -2.334966e-06
   1.407803e-06
   1.338049e-06
   4.389048e-06
   5.547483e-07
   3.018199e-06
   2.469068e-06
   8.025885e-08
   2.159446e-06
   3.571001e-06
   7.347531e-06
   2.922778e-06
  -6.416075e-07
   4.128508e-06
  -1.137914e-07
   1.072160e-06
  -2.702980e-07
  -5.545713e-07
  -8.544293e-07
  -2.877191e-06
  -1.618961e-06
  -1.566278e-06
   1.496139e-06
   2.801075e-06
  -1.025632e-06
   3.327385e-06
   1.769642e-06
   1.656128e-06
  -1.796132e-06
  -6.936656e-07
   5.541352e-07
   6.668049e-07
   2.397466e-07
   8.358154e-07
   1.453380e-06
   4.664475e-06
   1.324498e-06
  -1.562373e-07
   1.661042e-06
   1.414378e-06
   2.493698e-06
   2.569008e-06
   4.958270e-06
   3.940524e-06
   1.011557e-06
  -1.701958e-06
   1.376511e-06
   3.033838e-06
  -8.364677e-07
  -1.108985e-06
   7.629172e-07
  -2.326105e-06
  -7.573311e-07
  -5.220750e-06
  -6.479619e-07
  -2.847516e-06
  -1.291122e-06
  -3.464697e-07
   5.713020e-07
   1.113715e-06
   7.455121e-07
   2.385044e-06
  -1.952045e-06
   3.097773e-06
   2.521923e-06
   5.049784e-07
   7.223599e-07
   2.500958e-06
   6.412075e-06
   3.783343e-06
   1.948508e-06
   1.611394e-06
   3.831960e-06
   2.456132e-06
   2.610080e-06
   2.154695e-06
   2.449270e-06
   1.508536e-06
   3.778297e-06
   1.892612e-07
   2.276384e-06
  -4.125705e-06
   1.511482e-06
   2.787313e-06
   2.400168e-06
   5.329997e-06
   3.980278e-06
   3.439431e-07
  -4.885146e-06
   5.601167e-07
   1.075970e-06
   3.422805e-07
   1.279421e-06
  -4.571419e-07
  -1.565841e-06
   2.231021e-06
   1.136171e-06
   1.723480e-06
   3.529289e-06
  -1.693171e-07
  -1.339127e-06
   2.792611e-06
   4.370245e-06
   1.381328e-06
   3.910083e-06
   9.674288e-07
   4.158370e-07
  -3.810953e-07
  -7.131046e-07
  -1.039742e-06
  -2.957075e-06
   4.657903e-06
  -2.611870e-06
   3.165467e-06
   9.728125e-07
  -3.832423e-06
   9.902082e-07
  -1.512995e-06
  -7.009231e-08
  -5.887594e-06
  -3.036709e-07
   1.030085e-06
   2.096493e-06
  -2.099984e-06
   7.796537e-07
   3.884369e-06
  -1.999934e-07
   2.475380e-07
  -4.717254e-07
   8.548553e-07
   2.996235e-06
   1.460084e-06
   3.341257e-06
   4.355984e-06
   2.997749e-06
   3.292729e-06
   1.149778e-06
   3.451025e-07
   1.878615e-06
  -2.506587e-07
   2.887393e-06
  -1.997326e-06
   6.899946e-07
   1.751940e-06
   7.869157e-07
  -3.395255e-07
  -9.788146e-07
   3.407469e-06
  -2.424326e-06
   2.743606e-08
   2.026955e-06
  -8.453580e-07
  -1.023984e-06
   1.767403e-06
  -1.128707e-06
  -6.272610e-07
   4.678956e-07
   2.948319e-06
   1.959382e-06
  -1.735945e-06
  -2.798886e-06
  -8.285682e-07
   1.953121e-06
   3.323176e-06
   5.039718e-06
   3.166498e-06
  -2.796203e-08
   3.203210e-06
   6.344864e-06
  -1.974360e-06
   8.043601e-07
   1.275285e-06
   1.986680e-06
   3.558557e-07
   5.962440e-06
   2.469408e-07
   4.347118e-06
   1.921195e-06
  -3.454337e-07
   2.025490e-06
  -2.465340e-06
  -3.050307e-06
  -1.490141e-06
   2.224585e-06
  -2.247675e-06
   2.169121e-06
   6.002966e-07
   2.517519e-07
   1.001788e-07
  -4.191111e-07
   3.129819e-06
  -1.095565e-06
  -4.551850e-07
  -8.001654e-07
   2.321642e-06
   1.249139e-06
   3.195703e-06
   3.298252e-06
   3.984633e-06
   2.655995e-06
   7.801410e-07
   3.078397e-06
   2.224112e-06
  -7.783918e-07
   2.473485e-06
   2.290278e-06
   2.462265e-06
  -1.748196e-07
  -2.216277e-06
   4.022621e-06
   1.868137e-06
  -2.648037e-06
   6.908766e-08
   2.031461e-06
  -5.541038e-07
  -6.940180e-07
   1.192332e-06
  -2.231912e-06
   3.200462e-06
   1.883568e-07
   4.184985e-07
   2.231180e-06
  -1.846518e-07
  -9.851454e-07
  -7.866606e-08
   2.111334e-06
   9.114674e-07
   2.659291e-06
   2.927497e-06
   2.951940e-06
   2.356121e-06
   1.783638e-06
   5.769294e-07
   1.312939e-06
   3.147581e-06
   4.191026e-07
   3.073773e-06
   7.080930e-07
   3.956209e-06
   2.988124e-06
   6.100798e-07
   7.677020e-07
   6.443396e-06
   3.437989e-07
  -5.525815e-07
  -3.096792e-06
  -2.063717e-06
   2.801125e-06
   1.212955e-06
  -1.499761e-06
   2.017588e-06
  -2.825312e-07
  -8.457217e-07
   2.942181e-07
  -6.038928e-07
  -1.781205e-06
  -2.172836e-07
   1.273577e-06
  -1.698574e-06
   5.817265e-06
   3.208071e-06
   2.630070e-06
   1.317910e-07
   1.545506e-06
  -8.923822e-07
  -1.551151e-06
   1.253014e-07
   1.929304e-07
   2.164381e-06
   5.938678e-07
   3.312024e-06
   4.629338e-06
   2.470177e-06
   1.703306e-06
  -4.196824e-07
   4.190878e-07
   2.102813e-06
  -2.460832e-06
   2.897656e-06
   2.560082e-06
   2.179280e-06
   3.094106e-06
   2.443727e-06
  -2.490348e-06
  -1.792260e-06
   3.953069e-07
  -1.042929e-07
   2.663002e-07
  -2.828401e-07
   4.140825e-06
   2.702488e-06
   7.907429e-07
   1.457454e-06
   3.286608e-06
   1.008095e-06
  -1.018962e-06
   1.098251e-06
   4.205100e-06
  -1.288155e-06
  -1.665134e-06
   2.189276e-07
   1.575364e-07
   4.068681e-06
   2.623929e-06
   2.171113e-06
   3.995028e-06
   4.980516e-06
  -8.660194e-07
   6.857993e-07
  -4.187244e-07
   1.680259e-06
   2.362268e-06
   2.657248e-06
  -5.544883e-07
   8.966206e-07
  -7.780319e-07
  -1.473860e-06
  -2.270005e-08
   4.031317e-07
   8.096880e-07
   2.312098e-06
   2.335022e-06
   3.592572e-06
  -2.549670e-07
   2.364965e-06
   3.718340e-06
   2.562758e-06
   1.615018e-06
   2.099249e-06
   2.312289e-06
   1.329991e-06
   3.451379e-06
   2.151402e-06
  -1.253844e-06
   2.465705e-06
   2.817160e-06
   1.144411e-06
  -6.443322e-07
   2.168092e-06
   1.500935e-06
   1.038178e-06
   4.306825e-06
   1.141280e-06
  -4.434166e-07
   8.465775e-07
   1.387055e-06
  -1.788927e-06
   1.274158e-06
   2.702504e-07
   1.010452e-06
   1.336388e-06
   2.154178e-06
   2.859619e-06
  -7.054072e-07
   6.783390e-07
   2.749684e-07
  -5.268924e-07
   2.063187e-06
   6.507294e-06
   2.981141e-06
   3.058618e-06
   4.095463e-06
   2.409657e-06
   2.199059e-06
   6.189144e-06
   2.081149e-06
   1.308146e-06
   1.038404e-06
   2.660775e-06
   1.949426e-06
   2.049915e-06
   3.663490e-06
   1.380267e-06
   4.207365e-07
   3.973983e-07
  -3.671947e-06
  -2.145765e-07
   1.836611e-06
   6.470712e-07
   8.521256e-07
   1.338995e-07
   1.670095e-06
   1.672502e-06
   1.856236e-07
   8.211223e-07
  -1.217237e-06
   2.590808e-07
   1.071819e-06
   1.636801e-06
   2.902401e-06
   4.050595e-06
   4.807983e-06
   2.987225e-06
   1.095075e-06
  -6.257824e-07
   1.281169e-06
  -1.108507e-06
   7.994391e-07
  -1.433441e-07
   4.014935e-07
   1.547184e-06
   3.831836e-06
   4.186517e-07
   1.489728e-06
   3.090671e-06
   2.075198e-06
   7.507601e-06
   2.272160e-06
   3.220313e-06
   2.975087e-06
   1.893529e-06
   6.351473e-07
  -7.206773e-07
   3.863525e-06
   1.928395e-06
   8.210535e-07
   1.456483e-06
   5.740174e-08
   1.316140e-06
   2.116425e-06
   1.078799e-06
   7.959587e-07
   1.984703e-06
  -5.487736e-07
   1.669076e-06
   2.048351e-06
   3.576682e-07
  -3.495639e-07
   3.836598e-06
   2.368459e-06
   1.280296e-06
   1.615773e-06
   1.346773e-06
   1.329354e-06
  -8.496542e-07
   3.613515e-06
  -2.430521e-08
   1.883020e-06
  -3.472300e-06
   8.383636e-07
   4.448164e-06
   3.629601e-06
   6.289689e-09
   1.449185e-06
   3.185254e-06
   1.442815e-06
  -1.453510e-07
   1.417577e-06
   2.014101e-06
  -1.325780e-06
   2.525774e-06
   1.402176e-06
  -2.339895e-07
   8.248014e-07
   1.912435e-06
   1.895034e-07
   2.189500e-06
   2.989117e-06
   1.604743e-06
   2.327247e-06
   2.405542e-06
  -8.676972e-07
   3.947901e-07
  -3.136675e-07
   8.947812e-07
   2.399738e-06
   3.184059e-06
   6.739943e-07
   8.536162e-07
   8.716104e-07
  -5.434758e-07
  -2.283435e-06
  -5.735962e-07
   2.852117e-06
   1.354283e-06
   1.970051e-06
  -2.708944e-06
  -1.132167e-06
   1.306014e-06
   7.330721e-07
   4.856692e-08
   4.644884e-07
   3.770777e-06
   1.247825e-06
   1.107003e-06
   1.228141e-06
   1.752617e-06
   2.025701e-06
   1.676597e-06
   1.177786e-06
   7.449383e-07
   2.583852e-06
   4.326021e-06
   8.010199e-06
   1.480229e-06
   1.360153e-06
   4.491324e-06
   2.565485e-06
   4.220642e-06
   2.430492e-06
   1.893165e-06
   9.248662e-07
   9.822824e-09
   3.901528e-07
   3.421462e-06
   5.760914e-07
   1.088718e-06
   1.029414e-06
   3.985815e-06
   6.217858e-07
   1.518075e-06
   7.330721e-07
   3.908195e-07
   4.276540e-07
   2.410796e-06
   3.033955e-06
   2.307175e-06
   2.288550e-06
   1.944963e-06
   1.909703e-06
   1.793150e-06
   1.400902e-06
   2.264945e-06
   2.937204e-06
   5.449010e-06
   2.182849e-07
   1.907485e-06
   1.094002e-06
   2.408950e-06
  -8.497660e-07
   2.117963e-06
   2.934165e-06
   2.208214e-06
   1.753185e-06
  -1.875538e-07
   1.279107e-06
   4.291875e-06
   2.770236e-06
  -2.462870e-06
  -2.926927e-06
  -2.882560e-06
  -9.882908e-07
   2.626427e-06
   7.330721e-07
   5.619458e-07
   4.947999e-07
   1.644409e-06
   1.468334e-06
   2.746737e-06
   3.673921e-06
   1.256623e-06
   1.758445e-06
   7.703423e-07
   3.677276e-07
   1.578802e-06
  -1.075425e-06
  -1.166556e-06
   7.704737e-07
   1.096464e-06
  -1.300581e-06
   3.448617e-06
   4.943542e-06
   2.166810e-06
   1.759267e-06
   1.797313e-06
   4.067212e-06
   3.713165e-06
   1.856195e-06
   1.560363e-06
  -4.840497e-07
   1.792280e-06
   3.732356e-06
  -2.641599e-07
  -1.468858e-06
  -3.154124e-06
   7.330721e-07
   6.475090e-07
   1.115338e-06
   2.203705e-06
   1.155586e-06
  -2.052828e-07
   2.397005e-06
   1.956068e-06
  -3.002833e-06
  -8.379542e-07
  -1.635704e-06
   3.830586e-06
   2.521299e-06
   1.429481e-06
   2.933701e-06
   6.067089e-07
   1.594319e-06
   1.990662e-06
   2.394550e-06
   1.816615e-06
   8.884836e-07
   1.405901e-06
   2.736557e-06
   2.342011e-06
   5.763125e-07
   5.774312e-07
   1.297267e-06
   1.597981e-06
  -1.389744e-06
   1.516506e-06
   2.382380e-08
  -1.565150e-06
   9.435943e-07
   2.510185e-06
  -2.691422e-07
   1.361565e-06
   1.451929e-06
   8.562766e-07
   1.799959e-08
   2.035645e-06
  -3.876090e-07
   2.714898e-06
   9.617398e-07
   3.461768e-06
   1.254169e-06
  -9.257207e-08
   3.300730e-06
   6.790626e-07
   3.377947e-06
   1.680525e-06
   7.630767e-07
  -9.915572e-08
  -1.422105e-07
   2.051037e-06
   9.604474e-07
  -1.444198e-07
   1.305797e-06
   1.532058e-06
   2.307771e-06
   9.520467e-07
   1.129386e-06
   5.961214e-07
   2.005949e-06
   2.005949e-06
  -6.229961e-07
   2.813147e-06
   6.724583e-07
   1.090831e-06
   1.816417e-06
   3.003331e-06
   1.107066e-06
  -8.361375e-07
   1.087623e-06
   2.574763e-06
   3.466788e-06
   2.357103e-06
   3.007766e-06
   1.563224e-06
   1.442469e-06
  -1.776206e-07
   3.021595e-06
   1.124200e-07
   7.078610e-07
  -9.197279e-08
  -8.846236e-07
   3.473419e-08
   9.747253e-07
   2.042731e-06
   2.529754e-06
   2.418024e-06
   2.420518e-06
   4.973088e-07
   1.839990e-06
   8.131465e-08
  -2.388869e-07
   1.215081e-06
  -7.337780e-07
   5.762005e-07
  -9.450031e-07
   1.192562e-06
   3.052262e-06
   2.766221e-06
   2.243071e-06
   7.897625e-07
   1.086023e-06
   2.189759e-06
   2.908490e-06
   4.018662e-06
   1.855602e-06
   3.602945e-06
   1.083543e-06
   2.223700e-06
   2.076515e-06
   2.137443e-06
   3.825832e-06
   1.845861e-06
   1.769714e-07
   4.548969e-06
   4.274157e-06
   6.958943e-07
   1.753976e-06
   3.189769e-06
   5.354196e-07
   5.423940e-07
   3.199567e-06
   1.160989e-06
  -1.037806e-07
   1.878183e-06
   3.152383e-06
   1.217730e-06
   3.007415e-08
  -1.825047e-07
   1.771339e-06
   2.896366e-06
   1.625917e-06
   6.660929e-07
   5.362488e-06
   3.138286e-06
   3.387826e-06
   1.582003e-06
   2.046763e-06
   2.208030e-06
   1.668153e-06
   2.046081e-06
   3.234932e-06
  -8.137729e-07
   5.528795e-06
   3.472612e-06
   3.413148e-06
   6.304172e-07
   3.431324e-06
   5.344554e-06
   6.004863e-07
   1.056542e-06
   5.770791e-07
   1.467444e-07
   1.160632e-06
   1.106513e-06
   1.098562e-06
   2.677878e-06
   9.284634e-07
   1.671187e-07
   1.179535e-07
   1.566677e-07
   3.250172e-06
   4.151537e-06
   6.981370e-07
   3.246082e-06
   2.256559e-06
   1.613071e-06
   4.005646e-06
   3.030949e-06
   2.009616e-06
   1.514259e-06
   1.933720e-06
  -3.256856e-07
   3.103418e-06
   5.160911e-07
  -7.413713e-07
   5.160609e-06
  -6.106986e-07
   1.446320e-06
   3.476167e-06
  -6.965069e-07
   3.771749e-06
   2.737522e-07
   5.696103e-07
  -1.012942e-06
  -2.750753e-07
   1.005870e-06
  -1.789723e-06
   1.949137e-06
   1.640709e-06
   2.600854e-06
   4.456855e-08
  -2.585102e-06
   1.610074e-06
   2.111678e-06
  -1.311424e-06
   5.501824e-06
   3.686852e-06
   3.264582e-06
   2.105966e-06
   3.505198e-06
   1.446492e-06
   5.315480e-07
   4.878155e-06
   2.108602e-06
   1.789792e-06
   8.973598e-07
  -7.306734e-07
   2.861865e-06
   8.139049e-07
   2.289393e-06
   3.880392e-06
   3.160587e-06
   1.695819e-06
  -7.455237e-07
   1.155511e-06
   2.579351e-06
  -8.331488e-07
  -1.485873e-06
  -7.721406e-07
   5.266665e-07
   3.235083e-06
   1.668762e-06
   1.097422e-06
   3.742282e-06
   3.663548e-06
   1.804912e-06
   7.744094e-08
   3.318198e-07
   3.724442e-06
   4.998420e-06
   2.899368e-06
   2.747245e-06
  -5.393446e-07
   9.412684e-07
  -9.124488e-07
   4.511696e-07
   1.573555e-07
   2.014230e-06
  -4.012804e-07
  -1.304047e-07
  -1.284940e-06
   3.638411e-06
   2.281152e-06
  -6.753475e-07
   5.964653e-07
   2.987260e-06
   1.241494e-06
   2.338545e-06
   1.219986e-06
   1.367262e-06
   2.393382e-06
   9.337476e-08
   2.218670e-06
  -8.296510e-07
  -1.065926e-06
   1.172582e-06
   6.404207e-06
   1.412088e-06
  -5.155434e-07
   7.885827e-07
   2.952801e-06
   4.345377e-06
   1.745842e-06
   4.706527e-07
   1.981164e-06
   3.241948e-06
   4.490349e-06
   1.793232e-06
   4.381773e-07
   3.712559e-07
  -2.758273e-06
   3.039166e-06
   2.997878e-06
   3.554575e-06
   7.865816e-07
  -4.033066e-06
   1.052564e-06
   4.124444e-07
   3.052443e-06
   3.013778e-06
   2.007285e-06
   1.056245e-06
   2.528932e-06
   8.409345e-07
  -8.945558e-07
  -6.239669e-07
   3.236274e-06
   1.202680e-06
   1.537137e-06
   1.760499e-06
   2.332273e-06
  -4.621356e-07
   1.343235e-06
   1.661027e-06
   3.242269e-06
   4.454799e-06
   4.751398e-06
  -1.448740e-06
  -2.007806e-06
   7.676202e-08
   1.797153e-06
   2.546652e-06
   2.800019e-06
   1.859120e-06
   2.533821e-06
   1.478167e-06
   1.343666e-06
   1.158051e-06
  -7.456217e-07
   2.117550e-06
   1.303125e-06
  -7.550891e-07
   2.254717e-06
   8.034813e-07
  -1.867817e-06
  -2.068689e-06
  -1.331724e-06
   4.082031e-06
   8.036145e-07
  -4.417455e-07
   5.069493e-06
   3.158900e-06
   3.242326e-06
   3.191140e-06
   1.221248e-06
   4.019928e-06
   3.631099e-06
   2.343420e-06
   1.729956e-06
   4.108394e-06
   2.233015e-06
  -1.275531e-06
   2.309293e-06
   1.157310e-06
   9.908655e-07
  -2.618252e-07
   2.744466e-06
  -1.519395e-06
   1.104305e-06
   2.252108e-06
   1.767648e-06
   1.396305e-06
   1.399441e-06
   1.038071e-06
   1.260042e-06
   8.864156e-07
  -4.254406e-06
  -9.947844e-07
  -5.655909e-07
   3.670937e-06
  -4.272290e-07
   4.463775e-06
   1.066928e-08
   2.563281e-06
   4.633389e-06
   2.187344e-06
   1.910641e-06
   8.133625e-07
   1.304888e-06
  -4.421714e-07
   4.664132e-06
   5.225111e-06
   1.550080e-06
   8.657044e-07
  -3.757479e-07
  -1.217572e-06
  -1.260870e-06
   3.710286e-06
  -1.846727e-06
  -8.388364e-08
   2.340842e-06
   4.186586e-06
  -1.011093e-06
   2.148823e-07
   2.159193e-07
   2.469862e-06
   8.609661e-07
   1.046108e-06
  -5.052998e-07
   2.871951e-06
   1.274576e-07
   1.811112e-06
   1.123459e-06
   2.793617e-06
   2.122486e-06
   5.333199e-06
   3.889135e-06
   1.626390e-06
   3.164098e-06
   1.509180e-06
   1.217264e-06
   2.371384e-06
   3.327855e-06
   6.415781e-06
   4.127909e-06
   3.026759e-06
   9.761840e-07
   3.024154e-07
   2.486919e-06
  -6.061752e-07
   2.418468e-06
  -1.020911e-06
  -2.290050e-07
  -3.579881e-06
   1.662281e-06
   2.583980e-07
   3.475164e-07
   5.627096e-07
  -4.298502e-08
   1.882262e-06
  -1.684852e-06
  -1.268020e-07
  -1.053021e-07
   1.509187e-06
   1.986494e-06
   1.549498e-06
   3.524591e-07
   1.705410e-07
   2.219750e-07
   1.881938e-06
   2.101798e-06
   1.729989e-06
   4.600848e-06
   2.118968e-06
   2.723411e-06
   3.964074e-06
   4.417866e-06
   4.086663e-06
   9.513097e-07
  -9.555892e-07
   4.546708e-07
  -5.187955e-07
   2.337064e-06
   7.441211e-07
   1.343930e-06
   2.406466e-06
   1.796976e-06
   8.466411e-08
   3.530386e-07
  -2.592550e-06
   8.760018e-07
   1.909414e-06
   8.292631e-07
   6.457146e-07
  -9.386792e-07
   2.344447e-06
   4.941754e-08
   1.065421e-06
   2.850884e-06
  -5.240436e-08
   8.939969e-07
   3.577591e-06
   2.796051e-06
  -1.959015e-07
   3.287978e-06
   5.368179e-07
   1.853155e-06
   2.299237e-06
   1.659464e-06
   2.333012e-06
  -4.414614e-07
   4.566359e-07
   3.836872e-07
  -1.223966e-07
   2.528119e-06
   3.164010e-07
   2.039636e-06
   4.075098e-06
   2.522829e-08
  -1.425601e-06
   2.274361e-06
   1.531437e-07
  -3.199626e-07
   9.861285e-07
   1.067556e-06
   1.234683e-06
   1.245836e-06
   5.271968e-06
   2.514290e-06
   3.164165e-06
   2.598143e-06
   2.185325e-06
   2.250442e-06
  -6.726686e-08
   1.287333e-07
   5.354167e-07
  -9.509805e-08
   2.208599e-07
   1.037008e-06
   7.738332e-07
   3.235997e-07
  -7.742802e-07
  -8.163692e-07
   2.839907e-06
  -9.971799e-07
   1.153787e-06
   1.788387e-06
  -1.668177e-06
   2.423114e-06
   1.878048e-06
   1.099524e-06
  -2.416394e-06
   4.931826e-06
   1.250727e-06
   4.653820e-07
   1.183774e-06
   1.220152e-06
  -2.496191e-06
   2.651948e-06
   1.396980e-06
   1.968166e-06
   2.535939e-06
   2.185644e-06
   2.053452e-06
   4.791885e-06
   1.923358e-06
   2.051167e-06
   2.303933e-06
   3.021096e-06
   2.024179e-06
   1.408147e-06
  -5.645114e-07
  -4.908893e-07
  -1.231756e-06
   1.117859e-06
  -2.524534e-06
   5.404729e-08
  -9.749641e-07
   7.642416e-07
   2.646074e-06
   6.230672e-07
  -8.554315e-08
   1.618929e-06
  -2.915206e-06
  -1.296882e-06
  -2.081667e-07
   1.568722e-06
   2.063434e-06
  -2.899765e-06
  -3.610313e-06
   2.881066e-06
   2.030142e-06
  -7.021609e-08
  -4.208956e-06
   2.481129e-06
  -9.072023e-08
   1.515488e-06
   7.939235e-07
   4.207297e-07
   1.391248e-06
   6.854454e-06
   2.830581e-06
   3.135912e-06
   6.375479e-06
   2.040629e-06
   1.520422e-06
   1.702393e-06
   8.655383e-07
   5.921987e-07
   3.859739e-06
   1.412134e-06
   1.855489e-06
   1.521971e-06
  -1.177492e-06
   7.608568e-07
   2.075541e-06
   3.780070e-08
  -5.783451e-07
   3.954240e-06
   2.279762e-06
   3.961343e-06
  -1.406841e-06
   2.099468e-06
   1.460107e-06
   1.441426e-06
   1.185592e-06
   1.263897e-06
   2.579350e-06
   5.668646e-07
   1.033573e-06
   1.006822e-06
   4.153992e-08
   3.756916e-06
  -1.110148e-06
   4.888593e-06
   2.304661e-06
   7.575035e-07
   2.777660e-07
  -7.229875e-07
  -3.826940e-07
   9.164148e-07
  -7.378640e-07
   7.025185e-07
   1.012159e-06
  -2.888323e-06
   3.565366e-06
  -1.976716e-06
   3.392832e-06
  -4.911136e-08
  -7.416427e-07
   9.101261e-07
  -3.801262e-07
  -1.352896e-06
  -1.360444e-06
   1.317871e-06
   2.507115e-07
   3.190221e-06
   2.218000e-06
   3.949589e-06
   2.968131e-06
   2.926034e-06
   1.766681e-06
   2.400253e-06
   4.427256e-06
   1.443756e-06
   1.910545e-06
   4.451168e-06
   3.442401e-06
   3.164108e-06
  -4.438744e-07
  -1.211146e-06
  -2.589742e-06
  -4.589759e-07
   2.335812e-06
   2.743409e-06
  -5.754830e-07
  -9.357698e-07
   2.332559e-06
   2.359429e-06
  -1.436823e-06
   2.810324e-06
   2.105465e-06
   8.080328e-07
   4.643172e-07
   9.650449e-07
  -1.321594e-06
   1.476869e-06
   1.635867e-06
   2.311689e-06
   5.465984e-07
   1.006968e-06
   3.459186e-06
   6.402460e-06
   1.392136e-06
   4.069636e-09
  -3.780180e-06
   4.584169e-06
   5.227450e-07
   3.265330e-06
  -1.609024e-07
   7.913266e-07
  -1.939275e-07
   1.224462e-06
  -1.323561e-07
  -2.498389e-06
   8.575590e-07
   9.299216e-07
  -1.147664e-07
  -8.888262e-06
  -2.102185e-06
   1.062335e-06
   2.359500e-06
  -1.499558e-06
  -6.713092e-07
   6.936492e-07
  -6.079169e-07
  -6.902091e-07
   4.245887e-07
   1.228940e-06
  -4.849404e-07
   1.528071e-06
   1.392048e-06
   1.597167e-06
   2.528177e-06
   3.277180e-06
   2.255929e-06
   1.557998e-06
   1.834093e-06
   9.447539e-07
  -2.367958e-07
   3.751874e-06
   3.091161e-07
  -4.258049e-07
   2.386909e-06
   2.632683e-06
   1.422818e-06
   6.346657e-07
   2.662891e-06
  -3.691191e-06
   1.181499e-06
  -3.499941e-06
  -2.915372e-06
   2.423573e-06
   3.302306e-06
   6.781966e-07
  -2.902694e-06
  -1.578430e-06
  -2.899425e-06
  -1.513732e-06
  -1.189034e-06
   2.694892e-06
   7.447669e-07
   1.727078e-07
   2.101474e-06
   2.392485e-06
   2.025228e-06
   9.009024e-07
   2.098470e-06
   2.137899e-06
  -2.796238e-06
  -2.402451e-06
   1.302808e-07
   1.182970e-06
  -1.786169e-06
   3.624410e-06
   2.226981e-06
   3.638159e-06
   2.920675e-06
  -1.575423e-06
  -4.134690e-06
  -3.046055e-06
  -1.562865e-06
  -2.515981e-08
   2.211788e-06
   8.876823e-07
  -7.535012e-07
   3.515623e-07
  -4.015551e-07
  -1.205250e-06
  -4.536994e-07
  -1.276259e-06
  -1.232647e-06
  -1.025817e-06
   5.964081e-07
   6.570124e-07
   1.296173e-06
   2.055384e-06
   2.279349e-06
   3.185852e-06
   3.234857e-06
   1.395375e-06
   1.657998e-06
   5.867386e-06
   1.977400e-06
   9.373223e-07
  -1.501987e-06
  -3.657113e-06
  -7.415533e-07
   1.765370e-06
   3.701049e-06
  -5.722342e-06
  -1.019451e-06
  -6.985210e-06
  -6.509438e-06
  -3.644169e-06
  -2.047990e-06
  -3.311306e-07
  -8.020215e-07
   4.250627e-07
   2.747046e-06
   1.462098e-06
   2.708814e-06
   6.039998e-07
  -9.389963e-07
   4.687910e-06
   5.933155e-06
   1.595879e-06
   2.278893e-06
  -2.229440e-07
   5.511225e-07
   3.667890e-06
   3.301022e-06
  -8.933538e-07
   2.165470e-06
  -6.171543e-08
   9.561037e-07
  -2.511794e-06
   5.798945e-07
   2.696864e-06
   3.492181e-06
   2.417901e-06
   1.323946e-06
  -2.802317e-06
  -1.910884e-06
  -4.474130e-06
  -2.719197e-06
  -2.878981e-06
   1.050702e-06
   2.555856e-06
  -2.646152e-07
  -1.620151e-06
  -5.983823e-07
   1.122015e-06
   1.403425e-06
   3.794449e-07
  -2.188342e-06
   1.508638e-06
   3.731582e-06
  -2.485543e-06
   2.190278e-06
   2.236008e-06
  -9.385122e-08
   2.719570e-06
   2.070734e-06
   3.894095e-06
   3.533807e-06
   4.541854e-06
   3.408427e-06
  -6.964378e-07
   3.636494e-06
   2.037301e-06
  -2.214568e-07
   1.357087e-06
   3.629422e-08
  -2.069859e-06
  -3.396309e-06
  -6.281230e-06
  -5.500741e-06
  -3.650211e-06
  -8.283812e-07
   2.804474e-06
  -1.192144e-06
   2.441253e-06
  -5.965801e-07
  -5.934784e-08
  -2.529066e-07
   7.399601e-07
   3.177390e-07
   6.179559e-08
   2.400846e-06
   2.005573e-06
   1.349153e-06
   1.461381e-06
  -9.691096e-08
   2.360259e-06
   2.297175e-06
   1.989169e-06
   1.838317e-06
  -8.024759e-09
   2.411891e-06
   6.692606e-07
   2.663705e-06
   2.792503e-06
   2.528897e-06
  -3.156808e-06
  -4.396305e-06
  -3.443554e-06
  -3.323263e-06
  -2.293838e-06
  -6.735733e-06
  -2.614807e-06
  -2.776223e-06
  -1.722044e-06
  -2.721724e-06
  -6.232570e-07
  -3.632611e-06
  -7.034788e-07
  -2.102797e-06
   2.515563e-06
   1.802135e-06
   1.933115e-06
   3.804434e-06
   1.003571e-06
  -1.483922e-07
   2.357273e-06
   9.891837e-07
   4.749785e-07
   2.768539e-06
   2.822853e-06
   9.485541e-07
  -1.956941e-06
  -4.464586e-07
  -1.794326e-06
   1.261853e-06
   3.940109e-06
   2.179280e-06
   6.883596e-08
  -1.645650e-07
   1.111928e-06
  -3.169601e-07
  -4.845104e-07
   2.633152e-06
   9.109876e-07
   2.431784e-06
  -6.482829e-07
  -3.741593e-06
  -3.447110e-07
  -8.325069e-07
  -1.014110e-06
   1.822685e-06
   7.705081e-07
  -1.715608e-06
   1.645954e-07
  -1.603924e-06
  -1.647330e-06
  -3.726936e-06
   3.089878e-06
   1.221394e-06
   6.426200e-07
   2.314870e-07
   2.478434e-06
   1.089987e-06
   4.348949e-06
   9.426739e-08
  -2.225543e-06
  -1.029815e-07
  -1.534544e-07
   1.195415e-06
   2.221430e-06
   2.557281e-06
   1.107586e-06
   8.740659e-07
  -1.602260e-06
   7.794754e-07
  -1.009169e-06
   1.671718e-06
  -5.147105e-07
  -6.924785e-06
   2.161975e-07
   8.089364e-07
  -4.343140e-06
   4.067302e-07
   4.593924e-07
  -5.494407e-08
   1.439262e-06
   2.713929e-06
   1.767899e-06
   1.889673e-06
   4.719754e-07
   8.341515e-07
   5.890147e-07
   2.902725e-07
   2.783672e-06
   2.360789e-06
  -2.837116e-07
  -1.299878e-06
   1.651074e-08
   7.052183e-07
   1.644050e-06
   5.344053e-07
  -5.608536e-08
   1.947732e-06
   1.205626e-06
   1.635054e-06
   1.246513e-06
   3.096179e-06
   1.010914e-07
  -1.783736e-06
   6.128267e-06
  -3.496306e-07
   2.824132e-06
  -6.032453e-07
  -1.590064e-06
  -3.924963e-06
  -2.083975e-06
  -5.413346e-07
   1.439262e-06
   2.076596e-06
   1.922247e-06
   2.519747e-06
   3.747321e-06
   8.090847e-07
   1.927411e-06
   4.337139e-07
   1.193795e-06
   1.777292e-06
  -8.484555e-07
  -2.542514e-06
   2.886245e-06
   5.419630e-06
   1.673305e-06
   5.543887e-06
   6.575314e-07
   4.285886e-07
   1.321338e-07
   5.155790e-07
   1.857076e-06
   1.531277e-06
  -4.633260e-07
  -2.202157e-06
   2.796255e-06
  -2.943954e-06
  -6.364104e-07
   7.252178e-07
   2.511091e-06
  -1.968155e-06
  -2.786353e-06
   5.149147e-07
   1.439262e-06
   1.757929e-06
   1.840088e-06
   1.216802e-06
   6.024866e-07
   9.583079e-07
   5.877829e-06
  -1.885729e-06
   3.639983e-07
   7.344291e-07
  -2.344888e-06
   6.883620e-06
   3.353310e-06
   7.219990e-07
   4.268423e-07
   2.372458e-07
  -3.286265e-06
  -1.728450e-06
  -2.913300e-07
  -1.561948e-06
   2.678666e-06
  -3.594245e-07
  -1.283515e-06
   2.038691e-06
   2.587671e-06
  -7.047289e-07
   5.730112e-07
  -3.089389e-08
   2.260029e-06
  -2.418004e-06
  -2.015755e-06
  -8.429088e-07
   1.439262e-06
   1.598596e-06
   1.114523e-06
  -9.511544e-08
   4.696607e-07
   9.016110e-07
   3.045436e-06
  -2.801569e-07
   5.545894e-07
   3.141314e-06
   8.144599e-07
   5.376618e-07
   5.898958e-06
   1.898592e-06
  -9.251808e-07
  -3.278573e-07
   1.145607e-06
  -9.397336e-07
  -1.901376e-06
  -3.095482e-07
   2.534680e-06
  -1.881937e-06
  -1.582726e-06
   1.128010e-06
   2.928065e-06
  -3.035643e-06
   8.578792e-07
  -1.785308e-06
   2.528968e-07
  -5.825469e-07
  -1.299151e-06
  -1.071030e-06
