   7.647588e-03
  -1.394396e-03
  -8.305191e-03
   7.866913e-03
   3.993509e-03
  -3.917042e-03
  -8.916554e-03
   3.717269e-03
   3.139632e-02
   3.395104e-03
   6.237897e-03
  -9.176427e-03
   1.108340e-03
  -5.985724e-03
   1.082378e-02
   4.136573e-02
   2.885450e-02
  -3.032436e-02
  -1.160335e-02
  -7.610389e-03
  -2.281886e-02
  -1.761060e-02
  -5.538273e-03
   6.367576e-03
   5.531715e-03
  -5.197446e-03
   1.489154e-02
   2.299761e-02
   9.061417e-03
  -2.221414e-03
  -1.080584e-02
  -1.080584e-02
   1.668957e-02
  -2.039865e-02
  -7.178775e-03
   2.285803e-03
   2.006054e-02
  -5.144375e-03
  -1.138871e-02
  -1.723444e-02
  -1.131654e-02
   2.164634e-04
   1.470494e-03
   2.211787e-03
   5.451664e-02
  -1.995257e-02
  -7.921769e-03
  -9.521752e-03
  -3.292706e-03
   1.763055e-02
   3.124712e-03
  -4.875584e-04
   3.023002e-03
  -1.297645e-03
  -5.371799e-03
   1.975403e-02
   1.542502e-02
   3.287339e-03
   1.106621e-02
  -1.278300e-02
   6.408051e-03
   4.200164e-03
  -9.578303e-03
  -7.854521e-03
   4.412163e-03
  -3.721352e-02
  -2.297062e-03
  -1.744559e-02
  -1.536448e-02
  -1.158944e-02
  -1.425946e-02
  -1.895759e-02
  -1.408831e-02
  -2.177276e-03
   7.340018e-03
   2.431817e-03
  -2.161484e-02
   2.216603e-03
  -1.303653e-02
   4.142097e-02
  -8.830333e-03
  -4.690112e-02
   1.059291e-02
  -1.331877e-03
   1.608941e-02
  -1.406149e-02
   2.248240e-02
  -1.015297e-02
   2.377669e-03
  -8.144426e-03
   2.163242e-02
  -3.618023e-03
  -7.395180e-03
   2.088363e-02
   1.966990e-02
  -3.179425e-03
  -1.182529e-02
   3.936827e-03
   1.603358e-02
   4.646098e-02
  -2.804704e-02
  -1.337384e-02
  -1.145927e-02
  -3.024816e-02
   1.005900e-02
   6.875534e-03
   5.754558e-03
  -5.070045e-03
  -1.579578e-02
   6.140654e-04
  -8.138673e-03
  -1.390073e-02
  -1.810359e-02
  -3.460752e-03
   2.584199e-03
  -3.152228e-02
  -1.612752e-03
  -1.845795e-02
  -2.151913e-03
  -1.316921e-02
   1.238306e-02
  -1.555926e-02
   1.038719e-02
   2.229990e-02
   2.690904e-02
   1.667699e-02
   3.268551e-02
  -2.240500e-03
   2.592115e-03
  -2.358413e-02
  -6.684568e-03
  -1.250316e-02
  -3.477253e-02
  -4.850329e-04
   1.204438e-02
   6.026466e-03
   9.257087e-03
   1.386585e-02
   1.473142e-02
  -4.711301e-04
   8.032829e-03
   2.417411e-02
   1.822186e-02
   2.157386e-02
   2.123520e-02
   1.722821e-02
   3.391017e-02
   4.697457e-03
   8.109992e-03
  -4.769216e-03
   5.371086e-04
   1.649777e-02
  -3.649577e-03
  -3.811619e-02
   1.317570e-02
  -4.193909e-03
   5.373983e-03
  -1.377022e-02
   1.139770e-02
  -7.792536e-04
   1.797238e-03
   3.412392e-03
  -1.655552e-02
  -4.639440e-02
  -1.475743e-02
   1.416914e-03
   1.492654e-02
  -2.460001e-02
  -6.829514e-03
  -2.669944e-02
  -9.129777e-03
  -1.107476e-02
   2.422411e-02
  -3.601295e-02
   3.527813e-02
   5.557577e-03
   5.467851e-03
   4.640673e-03
  -5.313403e-03
   3.348920e-02
  -2.230719e-03
  -9.266011e-03
  -4.395258e-04
   1.533286e-02
   6.886180e-03
   1.043869e-02
  -2.867790e-02
   1.140718e-02
  -7.985469e-03
  -2.355502e-02
   2.891069e-02
  -2.128931e-02
  -2.573234e-04
  -9.392690e-04
  -2.194784e-03
   1.295716e-02
   2.072029e-02
  -1.928576e-03
   1.986483e-03
  -1.211107e-02
   1.472431e-02
   1.864831e-03
   1.549606e-02
   5.283890e-02
  -2.018584e-02
  -2.868108e-02
  -3.755885e-02
  -1.413017e-02
  -1.038923e-02
   1.180037e-03
   5.396386e-03
   1.915777e-02
  -4.125606e-02
   1.149864e-02
  -5.741204e-05
  -1.123135e-02
   5.422743e-03
  -5.198775e-03
  -1.353565e-02
  -3.654813e-03
  -9.814044e-03
   3.153846e-03
   1.484483e-02
  -3.974754e-03
  -2.115554e-02
  -5.972876e-03
  -4.241509e-03
   1.964556e-02
  -2.141344e-02
   2.253794e-02
   7.059037e-03
   1.807771e-02
   5.348068e-03
  -1.675782e-02
   1.641030e-02
   1.405107e-03
  -2.003679e-02
  -3.273027e-03
  -5.142663e-03
  -5.641721e-03
   2.347669e-03
  -2.264706e-02
   6.561137e-03
  -4.839210e-03
  -6.319434e-03
   2.520372e-02
   6.713977e-03
   8.476814e-03
   8.654247e-03
   2.492805e-03
  -2.245296e-02
   2.169955e-03
  -3.076974e-02
  -7.277478e-03
  -2.248350e-02
  -1.363602e-02
  -9.380237e-03
  -1.564381e-02
  -2.421598e-02
  -2.996798e-04
  -3.415400e-03
  -3.502423e-03
  -2.962981e-02
  -2.511400e-02
  -1.332857e-02
  -2.529966e-02
  -3.889101e-02
   2.494260e-02
  -5.809340e-02
  -5.754899e-02
  -2.249521e-02
  -6.615534e-03
  -4.274562e-03
  -1.166493e-02
   7.150386e-03
  -3.389079e-03
  -1.163045e-02
  -1.620470e-03
  -6.767216e-03
   2.011388e-02
   1.605623e-02
  -5.505464e-03
  -3.348913e-03
   1.082963e-02
  -2.778241e-02
   4.950297e-03
  -2.613623e-02
   6.182429e-03
   1.049366e-02
  -9.653425e-03
   4.014900e-03
  -2.489022e-02
  -2.518032e-02
  -1.124271e-02
  -6.046145e-03
  -1.822852e-02
  -8.248673e-03
   6.344338e-03
  -1.627333e-02
   1.756851e-03
  -6.619275e-02
  -5.962312e-02
  -4.536660e-02
   5.949351e-03
   4.565449e-04
   8.668371e-03
   3.788029e-02
  -1.247841e-02
  -2.518285e-02
  -1.328793e-02
  -1.243273e-02
  -1.508290e-02
   4.427188e-03
  -1.116227e-02
  -6.662772e-04
  -6.022260e-03
  -2.617233e-02
  -2.550489e-02
  -2.294494e-02
  -9.577848e-03
   2.383586e-02
   1.835648e-02
   3.441524e-03
   3.043295e-02
   2.998967e-02
  -1.024195e-02
   1.684229e-02
  -4.103215e-02
   2.706780e-02
  -7.163230e-03
   1.013142e-02
   6.455089e-02
   1.587331e-03
  -3.458927e-02
   1.908539e-02
   5.204782e-02
  -1.911740e-02
   8.001579e-03
   1.116582e-03
  -1.674224e-02
  -1.538207e-03
  -1.865629e-02
  -1.459289e-02
  -1.330991e-02
  -6.020349e-03
  -1.781653e-02
  -9.381043e-03
  -2.823013e-02
  -4.537976e-02
   3.834985e-03
  -7.454421e-03
   9.229420e-03
   2.895985e-03
  -9.864057e-03
   9.865482e-03
   2.014921e-02
   2.946036e-02
   5.452809e-03
   1.790433e-02
  -1.518753e-02
  -1.545161e-02
  -1.774377e-03
  -5.886437e-04
   5.761206e-03
  -1.179294e-02
  -1.969252e-02
  -4.589262e-03
   3.063772e-03
  -8.491020e-03
   2.891434e-03
  -1.828423e-02
   1.747722e-02
   2.747256e-02
   1.220460e-02
   1.414956e-02
   6.357606e-02
  -5.636487e-03
  -4.470248e-02
  -1.726957e-02
  -7.344405e-04
   8.720457e-03
  -2.721743e-02
  -1.993715e-02
  -3.072219e-02
  -4.098066e-03
   6.239809e-03
   3.601898e-02
   3.031013e-02
   6.224976e-02
   3.090001e-02
  -1.755036e-02
  -2.173745e-02
  -4.742673e-02
  -4.941268e-03
  -2.804327e-02
   2.565877e-02
   6.932914e-03
  -2.378191e-02
  -1.316066e-02
  -3.826724e-02
  -2.080189e-02
  -9.560714e-03
  -1.002679e-02
  -1.750012e-02
  -1.173330e-02
   2.344709e-03
  -4.589526e-03
  -3.939155e-02
  -1.507697e-02
   1.823497e-03
  -1.426033e-02
   2.087992e-02
  -1.163035e-02
  -2.147181e-02
  -1.888235e-02
  -1.110085e-02
  -3.058362e-02
   2.902378e-03
  -1.925853e-02
   2.822564e-03
   1.717599e-03
  -4.490781e-03
  -1.067326e-02
  -6.785184e-03
   4.782353e-03
  -1.682050e-02
   7.811991e-03
   4.172273e-02
  -6.850583e-03
  -6.920739e-02
   6.642933e-03
   5.720158e-03
  -3.357904e-02
  -2.423846e-02
  -1.460374e-02
  -4.959104e-02
   2.117407e-02
   1.349705e-02
  -1.357058e-02
  -4.619321e-02
  -6.500856e-03
  -2.232174e-02
  -3.790043e-02
  -8.362174e-03
  -1.134722e-02
   4.284254e-03
   8.005646e-04
   1.630201e-02
  -1.702519e-02
   3.292904e-02
  -1.359621e-02
   3.073837e-02
   1.532271e-02
  -6.996188e-03
   2.761879e-03
  -2.605614e-02
  -2.455216e-04
  -1.484415e-02
  -1.889245e-02
   1.141514e-02
   2.282279e-03
  -1.332363e-02
   4.807439e-03
  -3.458309e-02
   1.235430e-02
  -3.921033e-02
  -1.453064e-02
  -2.705524e-02
   1.022921e-02
   5.030106e-03
  -1.699665e-02
  -2.028359e-02
  -6.961026e-03
   2.253183e-02
  -1.912480e-02
  -5.080959e-03
  -8.214092e-03
   9.560262e-04
   1.498354e-03
  -7.374549e-03
  -1.110661e-02
   1.345795e-02
   4.570971e-03
   2.840861e-02
  -1.095865e-02
   5.995956e-03
   3.542555e-02
  -3.732795e-02
   9.794441e-03
  -2.341813e-02
  -1.976537e-02
  -5.261067e-03
  -1.605997e-03
   8.823157e-03
   8.765385e-04
  -1.100098e-02
   2.106740e-02
   1.808794e-02
   1.177935e-02
  -2.106601e-02
  -1.250668e-02
  -2.357999e-02
  -2.353396e-02
  -1.098348e-02
  -6.250976e-03
   8.622589e-03
   1.084809e-03
  -1.181575e-02
  -9.504473e-04
   6.255589e-03
   1.268694e-02
  -4.213827e-03
   7.538133e-03
   5.887069e-03
   6.675509e-03
   9.568486e-03
  -1.143945e-02
  -1.368274e-03
   1.903563e-02
   3.211291e-02
  -2.565770e-03
  -1.794146e-02
  -1.698553e-02
  -7.432971e-03
  -1.226836e-02
  -5.668670e-03
  -1.480699e-02
  -2.908874e-02
   2.788321e-02
  -3.103922e-02
  -2.509137e-02
   6.594056e-03
  -2.187871e-02
  -1.907764e-03
  -2.417187e-02
   9.767218e-03
  -2.106914e-02
   3.061370e-02
  -9.415666e-03
  -3.145109e-02
   9.972459e-03
  -1.496194e-02
   1.107001e-02
   1.119234e-02
   1.512391e-02
   5.175600e-03
   3.027443e-03
   9.866463e-03
  -7.316332e-03
   1.253122e-02
   9.972307e-03
   1.711948e-02
   2.216482e-02
  -1.843116e-02
   3.006881e-02
  -5.762650e-03
   5.098295e-03
   1.054301e-02
  -2.534711e-02
  -3.112057e-02
  -4.048617e-02
  -9.440786e-03
   2.011388e-02
  -5.460554e-04
  -2.124520e-02
  -2.766740e-02
   1.099921e-02
  -2.384766e-02
  -1.916980e-02
  -1.445413e-02
  -3.791009e-02
  -1.937792e-02
  -7.513618e-03
  -5.303947e-03
   3.287979e-02
   1.561413e-02
   2.270969e-02
  -5.484181e-03
  -9.607801e-03
  -1.446259e-02
  -2.944974e-02
   3.920399e-03
  -1.997342e-03
   4.227871e-03
   7.273972e-03
  -4.570775e-03
  -3.077905e-03
   2.020895e-02
  -3.522989e-02
   2.300244e-02
  -4.660346e-03
  -2.956026e-02
  -2.232492e-02
   1.364837e-02
   2.588579e-03
  -1.050513e-02
  -1.631880e-02
   1.130598e-02
  -3.301562e-03
   2.844110e-02
   2.472817e-02
  -1.468685e-02
  -8.391972e-03
  -2.222207e-02
  -1.534506e-02
  -6.069104e-03
   2.441697e-03
   2.770246e-03
   1.240528e-02
   2.100861e-03
  -1.239524e-02
  -2.865929e-02
  -9.007198e-03
  -1.039891e-02
  -2.610994e-02
   9.556372e-03
   1.060011e-02
   1.496999e-02
   9.483124e-03
  -1.864358e-02
   1.212345e-02
  -2.300048e-03
   1.119864e-02
  -8.205452e-03
   3.543971e-02
  -3.447805e-02
  -1.290280e-02
  -1.264868e-02
  -6.626839e-03
  -1.581012e-02
  -1.003712e-02
  -3.930175e-04
  -6.382473e-03
   3.947388e-03
  -1.477633e-02
   1.061671e-02
  -1.268913e-02
  -4.308430e-03
  -1.904946e-02
   1.164687e-03
  -9.060994e-03
  -4.025865e-02
  -1.770278e-03
  -1.606489e-02
  -3.560053e-04
  -5.377460e-03
  -1.227524e-02
  -7.993721e-03
  -1.141102e-02
  -7.934698e-04
   9.427837e-04
  -2.056730e-02
  -1.826059e-02
  -3.873085e-02
  -1.645622e-02
  -1.508834e-02
   1.183131e-02
  -1.738552e-02
  -2.350739e-02
  -2.055996e-02
  -7.318746e-03
   7.268701e-03
  -1.362401e-03
  -1.359358e-02
  -4.756868e-03
  -1.836821e-02
  -1.179127e-02
  -3.624734e-02
  -9.792983e-03
   2.057398e-02
  -5.554671e-03
  -1.622588e-02
   6.703885e-04
  -7.882386e-03
  -1.660587e-02
  -1.776510e-02
   2.400407e-02
  -3.413551e-03
  -5.338332e-03
  -2.126229e-02
  -4.745701e-02
  -2.414147e-02
   1.564878e-02
  -9.901376e-03
  -2.751019e-03
   2.490704e-02
  -1.270991e-02
  -1.448094e-02
  -4.033996e-02
  -3.046341e-02
  -2.483365e-02
  -2.733553e-02
  -1.067279e-02
  -8.435414e-03
   1.021935e-02
   1.158878e-02
   4.342151e-03
   2.072538e-02
  -1.512956e-02
  -1.488937e-02
  -1.080943e-02
   4.013269e-02
  -7.517325e-03
  -1.187160e-02
   1.706364e-02
   2.466459e-02
   2.004088e-02
  -7.489724e-03
  -4.202924e-02
  -2.694249e-02
   1.224400e-02
  -4.950495e-03
   3.996957e-02
   6.619314e-03
   2.147383e-02
  -3.193597e-02
  -9.077955e-04
   5.924456e-03
  -6.225881e-03
   1.021446e-02
   5.988680e-03
  -3.366476e-02
  -1.802828e-02
   2.044601e-02
   6.997568e-04
   1.733820e-02
   1.194317e-02
  -7.239018e-03
  -1.018869e-02
  -1.308329e-02
  -1.687589e-02
  -3.637139e-03
  -1.628804e-02
   9.299228e-03
   4.434017e-04
   1.972950e-03
  -1.826457e-02
   8.569528e-03
   8.232343e-03
   9.296998e-03
  -1.993359e-02
  -1.739313e-02
  -1.013072e-02
   4.452107e-02
  -6.236377e-03
  -1.082468e-02
   8.091363e-03
  -7.861280e-03
  -1.316423e-02
   2.358630e-03
   2.705331e-02
  -1.983761e-03
   1.072059e-02
  -3.706229e-02
  -3.500722e-02
  -7.280605e-03
  -6.221867e-03
  -5.508256e-03
   1.647784e-02
  -2.329068e-02
  -7.277407e-04
   6.532052e-03
   2.829857e-02
  -1.473814e-02
  -5.144795e-03
   1.234245e-03
  -4.516978e-04
   1.734705e-02
  -2.464846e-03
  -1.514311e-02
  -4.978034e-03
   6.245247e-03
   1.566247e-02
   3.152383e-02
  -1.476966e-02
  -2.626096e-02
  -1.546241e-02
  -1.281930e-02
  -1.217079e-02
  -1.725969e-02
  -1.710361e-02
  -1.037901e-02
   1.149337e-02
   1.780581e-02
   2.224763e-02
  -3.102956e-03
  -1.070405e-02
  -1.214565e-02
  -1.279837e-02
  -1.963332e-03
   2.907378e-02
  -1.628340e-02
   3.511246e-02
   1.164067e-02
   1.196300e-03
   1.357939e-03
   4.451957e-03
   1.775912e-02
   5.060143e-03
   1.568102e-02
  -1.637327e-03
  -2.663117e-03
  -1.227885e-03
   2.795781e-03
  -4.888225e-03
  -6.017578e-03
   1.959749e-02
  -4.707364e-03
  -1.200616e-02
  -9.872702e-03
  -4.792645e-03
  -3.424690e-03
  -1.789720e-02
   5.262751e-03
   1.100058e-02
  -8.361583e-03
   2.111051e-03
  -1.728075e-02
   5.998028e-03
  -1.779959e-02
   3.647395e-03
   1.677803e-02
   4.048677e-02
  -6.551854e-03
  -1.730603e-02
  -2.017414e-02
  -2.317163e-03
   1.761566e-02
   1.714273e-02
   4.759117e-02
  -1.274787e-02
   2.612423e-02
   2.859262e-03
   7.355852e-03
   2.424361e-03
   3.369982e-03
  -3.199358e-02
  -8.293923e-03
   2.385088e-04
  -1.598245e-04
  -7.671661e-03
  -3.694728e-03
   6.584650e-03
   7.089219e-03
   1.810770e-02
   1.454166e-02
   3.560777e-02
   3.450585e-03
  -1.689443e-02
  -1.833830e-03
  -7.320556e-03
  -2.754307e-02
  -6.781472e-03
  -8.010944e-03
  -2.699492e-02
  -1.144411e-02
  -3.709553e-03
   2.326837e-02
  -2.727760e-02
   1.709719e-03
  -3.172549e-03
  -2.017870e-02
  -6.214928e-03
  -1.176145e-03
  -9.415804e-03
  -2.169087e-02
   1.994970e-04
   2.820709e-03
   2.596340e-02
   4.596952e-03
  -2.684862e-03
  -1.289005e-02
  -2.218458e-02
  -3.819198e-03
   1.358361e-02
   1.768416e-03
  -6.187038e-03
   2.380748e-03
  -3.666634e-03
  -1.019417e-02
  -1.361139e-02
   3.416042e-02
  -1.443671e-02
   2.375533e-02
  -3.884414e-02
  -7.965220e-03
  -7.779055e-04
   2.856051e-02
   2.062630e-02
   1.071098e-02
  -8.224128e-03
   1.363340e-03
  -1.136394e-02
  -4.520644e-03
   9.243004e-03
   9.149257e-04
   4.205627e-03
   1.782706e-02
  -9.500149e-03
  -1.419544e-02
  -1.085730e-03
   1.132884e-03
   4.041897e-03
   1.367767e-02
   1.444863e-02
  -1.772026e-02
   1.698907e-02
  -7.412123e-03
  -3.469831e-03
   4.835002e-03
  -1.391763e-02
  -2.694924e-02
  -2.231227e-02
  -1.102108e-02
  -1.050685e-02
   8.692610e-03
   3.105363e-03
   1.577211e-02
   1.051565e-02
   1.655274e-02
   1.484942e-03
  -2.358367e-02
  -1.270955e-02
   1.099033e-02
   2.172804e-03
   3.678991e-03
   7.899659e-04
   3.441128e-03
   4.205627e-03
   1.101634e-02
   7.580972e-04
  -5.983649e-03
  -4.513601e-03
  -1.125695e-04
  -7.485509e-06
  -5.602143e-03
   1.059311e-02
  -3.563577e-03
  -6.154890e-04
  -2.580693e-02
  -5.115164e-03
  -4.394087e-03
   4.099928e-02
  -1.094556e-02
   5.011354e-03
   2.271883e-02
  -2.526223e-02
   3.915514e-03
   2.680088e-02
   1.981760e-02
   1.284744e-02
  -3.807565e-03
  -1.349548e-02
  -7.580741e-04
  -6.988266e-03
  -1.370488e-02
   5.385840e-03
  -1.370679e-02
  -1.055210e-02
   8.618492e-03
   4.205627e-03
   7.610985e-03
   4.184541e-03
   9.800494e-04
   1.638528e-02
  -2.509186e-02
   1.642873e-03
   3.706475e-03
   2.293283e-02
   1.082802e-02
   9.919481e-03
   6.253916e-04
  -1.063630e-02
  -8.557471e-03
   8.948800e-03
  -2.624767e-02
   3.058442e-02
  -2.307125e-02
   2.275245e-02
   5.430803e-03
  -6.591125e-03
   1.687980e-02
   2.486407e-02
   3.495117e-03
  -5.221707e-03
  -5.365091e-03
  -3.308448e-02
   1.780856e-02
  -2.421320e-03
  -2.658274e-03
  -4.631487e-03
  -6.840899e-04
   4.205627e-03
   5.908306e-03
  -1.910418e-04
  -1.066597e-02
   8.283957e-03
   1.913257e-02
   4.775030e-03
   3.166100e-05
  -2.230487e-02
   1.402332e-02
   4.434481e-03
  -9.760228e-03
   6.364272e-03
   9.135955e-03
   2.960106e-02
   1.696588e-02
  -6.939292e-04
  -8.473078e-03
  -1.000275e-02
  -4.261941e-03
  -8.213877e-03
  -1.383730e-02
   5.513385e-03
   1.114582e-03
  -5.664758e-03
   1.760389e-02
   8.886312e-03
  -2.376203e-03
  -9.683498e-03
   3.067919e-02
   1.302385e-02
   6.169882e-03
   1.183211e-02
   1.397302e-02
   1.174277e-03
   2.008822e-02
   1.830616e-02
  -1.394431e-02
  -1.015912e-02
  -3.394734e-02
   1.671809e-02
   1.632497e-03
   1.298254e-02
   3.515770e-02
   1.363237e-02
   9.901658e-03
  -4.477828e-03
   3.271870e-02
   7.809190e-03
  -1.841999e-02
  -8.143362e-04
   8.770225e-03
   1.994648e-02
   1.052336e-02
   1.257348e-02
   1.787693e-02
  -3.664492e-03
  -9.050464e-03
  -5.923172e-03
   1.881103e-02
   7.508751e-03
   5.983504e-03
   7.022146e-03
   7.022146e-03
   9.691192e-03
   4.805431e-03
  -2.550301e-04
  -1.075837e-02
   2.664838e-02
  -1.007218e-02
  -3.248900e-03
   1.304819e-02
   5.811044e-03
   3.118827e-02
  -1.016404e-03
  -1.811979e-03
   3.016531e-03
   1.275779e-02
  -2.574716e-03
   5.222064e-03
   5.825472e-03
   8.070242e-04
   7.206755e-03
   1.330592e-02
   2.394079e-02
  -3.386090e-03
   9.320162e-03
   9.503251e-03
  -1.981994e-02
  -5.571855e-03
  -5.897078e-04
   1.967850e-02
  -2.268283e-03
   9.059540e-03
   1.950366e-02
   1.274488e-02
   2.242846e-02
   3.180842e-02
   3.758540e-03
  -2.624504e-02
  -2.580876e-03
  -6.155182e-03
  -5.812487e-03
   1.153228e-02
   7.369441e-03
   1.407530e-02
   3.668199e-03
   2.316525e-02
  -6.673970e-03
  -7.872416e-03
  -2.380089e-02
   4.291829e-03
   9.775191e-03
  -2.164503e-02
   1.112743e-02
   7.694757e-03
   1.048809e-02
  -5.065458e-04
   8.667806e-03
   1.149004e-02
   8.376918e-04
   7.172696e-03
   3.216169e-02
   1.480100e-02
   1.035599e-02
   3.397690e-04
   1.644337e-02
   1.170885e-02
   5.092760e-03
  -6.640601e-03
  -6.591618e-04
   9.045756e-04
  -6.600947e-03
   3.271965e-03
   6.950373e-03
   3.152397e-02
   1.388547e-02
   8.137101e-03
  -2.180389e-02
  -1.136474e-02
  -1.715445e-02
  -6.603871e-03
  -1.391411e-02
  -1.218295e-03
   4.258572e-03
   1.163270e-02
   1.461967e-02
  -4.142413e-03
  -7.084353e-03
   7.141369e-03
   1.071027e-02
  -8.490202e-03
   4.507978e-03
   3.708646e-02
   1.697155e-02
   1.230256e-02
  -1.680085e-03
   2.689627e-03
   1.030076e-02
  -6.731772e-03
   3.746222e-04
   7.480012e-03
   1.397987e-02
   3.511877e-02
   1.727462e-02
   2.257203e-02
  -1.181954e-03
   1.864500e-02
   1.954863e-02
   2.639152e-02
  -1.373598e-02
   8.664894e-04
   2.454492e-03
   1.252549e-02
   1.141637e-03
   9.159433e-04
  -1.941676e-02
  -3.976393e-03
  -4.145112e-03
   2.612402e-03
   1.483594e-02
   1.457436e-02
   3.552210e-02
   4.190726e-05
   1.594929e-02
   3.752824e-02
  -1.366452e-02
   5.927078e-03
  -2.450216e-02
   1.798067e-03
   2.020336e-03
   2.036705e-04
  -6.518357e-03
  -5.778557e-03
  -3.571692e-03
  -1.891639e-02
   2.672595e-03
   6.668932e-03
  -2.753958e-04
   2.204004e-02
   1.715513e-02
   1.344202e-02
   1.008070e-02
   2.770019e-02
   1.358044e-02
  -6.460147e-03
   5.039226e-03
   2.105073e-02
   1.243247e-02
   7.328541e-03
   3.830027e-04
   2.533572e-02
   1.749674e-02
   7.980219e-04
   2.414465e-02
  -2.509958e-02
   6.369334e-03
   9.394113e-03
  -5.197819e-03
  -6.551491e-03
   1.157049e-02
   1.386748e-02
  -1.677021e-02
   2.612833e-02
   9.501131e-03
   2.229610e-03
   7.683004e-03
   1.658240e-02
   5.663222e-03
  -3.029177e-02
   1.187352e-02
   2.988313e-02
   1.358984e-02
   2.324105e-02
   2.088123e-02
   2.223875e-02
   7.407064e-03
  -8.338740e-03
   1.801216e-02
   2.490877e-02
   3.566344e-02
   2.047509e-02
   6.862313e-03
  -2.814629e-03
   2.901728e-02
   7.780182e-03
   1.547554e-02
   1.450179e-02
   2.523352e-02
   1.127656e-02
  -9.006868e-03
   4.458257e-03
   3.886459e-03
   8.049645e-03
   1.591330e-02
   7.952173e-04
   1.281320e-03
   2.966257e-03
   1.549170e-02
   2.467931e-02
   5.839091e-03
   2.691099e-03
   4.817813e-02
   3.426099e-03
   1.389452e-02
   2.466764e-02
   2.796444e-02
  -1.084836e-02
   1.379254e-02
   2.245948e-02
  -2.416836e-02
   1.700688e-02
   5.028021e-02
   1.033770e-02
   9.405789e-03
   2.254984e-02
   2.189828e-02
   3.415637e-02
   1.819531e-02
  -1.945705e-02
  -1.852767e-02
   8.187664e-03
   2.808738e-02
   2.234928e-02
  -8.532558e-03
  -8.676075e-03
  -6.466833e-03
  -1.010800e-02
   6.432830e-03
  -8.478213e-03
  -7.593898e-03
  -2.609520e-02
   4.038169e-02
   3.233653e-03
  -3.337183e-02
   1.189814e-02
   1.589956e-02
   1.964735e-02
  -2.312024e-03
  -2.871184e-02
   3.615197e-02
   1.015026e-02
   2.231596e-03
   1.266838e-02
   3.206436e-03
   1.009317e-02
  -3.267624e-02
  -6.328716e-03
   2.801924e-03
   2.232040e-02
   4.260637e-02
  -1.192039e-02
   7.151812e-03
  -3.694217e-03
   1.089406e-02
   1.562324e-02
   6.053016e-03
   3.562903e-03
   1.872531e-02
   1.472730e-02
  -8.246406e-03
  -3.324374e-03
   1.066580e-02
   8.481563e-03
   5.661374e-03
   5.043335e-03
  -1.833007e-03
   2.680412e-02
   1.815824e-02
   7.139951e-03
   2.413963e-03
   8.843471e-04
   2.769849e-02
   1.641786e-02
   1.919788e-02
   2.822860e-02
   1.904811e-02
  -1.008155e-02
  -3.294433e-02
  -8.859746e-03
  -7.163794e-03
   9.716921e-03
   1.352673e-02
   7.534154e-03
   2.055061e-03
   1.102431e-02
   1.778599e-04
   1.058158e-02
   7.825138e-03
   1.276802e-02
  -1.128501e-02
  -1.979995e-02
   4.703435e-03
  -3.911635e-02
  -1.681510e-02
   8.585733e-03
   3.168804e-02
   1.311132e-02
  -8.328233e-03
  -3.116325e-02
   2.450172e-02
   1.141591e-02
   5.372118e-04
   2.136780e-03
   3.414146e-02
  -8.280721e-03
   2.162814e-02
  -8.640677e-03
   1.792828e-02
  -3.652316e-02
  -1.671999e-03
  -2.587334e-03
   3.725885e-02
   3.302628e-02
  -5.750539e-03
   1.025894e-02
  -1.226889e-02
   2.436531e-03
  -1.671744e-02
   1.594365e-02
   1.897939e-03
  -2.176574e-02
  -9.140439e-03
   1.684760e-02
  -2.833980e-03
   2.194421e-02
   3.625545e-03
   6.105639e-03
   5.058014e-03
   1.020415e-02
   3.083512e-03
   3.688962e-03
  -2.553871e-02
   7.842544e-03
  -1.381781e-02
   2.282813e-02
   2.505326e-02
   4.102762e-02
   1.241352e-02
  -1.260745e-03
   1.829069e-03
  -1.367671e-02
  -1.873377e-02
  -1.852005e-02
   9.351715e-03
   1.625836e-02
   3.013619e-03
   2.636801e-02
  -1.342549e-02
   2.770814e-02
   2.719165e-03
  -8.859337e-03
   2.944143e-04
  -4.096762e-02
  -2.035860e-02
  -3.184397e-03
   7.121384e-03
   3.810139e-03
   5.747526e-03
  -8.260676e-03
  -2.776577e-02
  -1.386169e-02
   3.331448e-03
  -3.200309e-03
   3.084030e-03
  -1.211097e-03
   3.213630e-02
  -7.319098e-03
   8.867081e-03
   4.621661e-03
  -2.541520e-02
  -7.555076e-03
   4.325453e-03
   3.548161e-02
  -1.426308e-02
   7.606877e-04
  -8.575247e-03
   4.380595e-04
  -2.482136e-02
   1.255094e-02
   1.745331e-02
   6.615101e-03
   8.745294e-03
  -1.483802e-02
   1.837204e-02
  -1.690001e-02
   2.751597e-02
   1.053731e-02
  -1.026812e-02
  -1.957256e-02
  -4.037365e-03
  -1.713010e-02
  -3.118438e-03
  -1.210156e-02
  -8.413101e-03
  -2.290568e-02
   3.153159e-02
   5.775719e-03
   6.131166e-03
   2.530027e-03
   1.801419e-03
  -5.992851e-03
   4.807350e-02
  -3.192599e-02
   2.054288e-03
   1.158328e-02
   9.956113e-03
  -1.466345e-02
  -5.154847e-03
   1.889048e-02
  -1.245713e-02
  -2.105146e-03
   9.903912e-03
   1.706566e-02
   2.404884e-02
   1.863678e-03
   1.680240e-02
   2.299612e-02
   1.449490e-02
   7.280345e-03
  -8.544217e-03
   1.920723e-02
   4.037665e-03
  -1.551682e-02
   1.951318e-02
  -1.982030e-02
   3.167436e-02
  -1.774127e-02
   9.317597e-03
  -2.491674e-03
  -2.096795e-02
  -9.218961e-03
  -3.708771e-03
  -3.416424e-03
  -1.262412e-02
  -6.914088e-03
  -1.054392e-02
  -1.158874e-03
   1.488881e-02
   3.559805e-03
   6.193538e-03
   3.134151e-03
  -4.179251e-02
  -1.384450e-02
  -2.608777e-02
  -6.332736e-04
   9.780295e-04
  -1.855850e-02
  -8.780520e-04
   3.839744e-03
   1.871677e-04
  -4.946510e-03
  -3.133809e-03
   1.292944e-02
  -1.834373e-02
   6.380007e-03
  -4.811613e-02
   1.053183e-02
   7.608809e-03
   1.036083e-02
   2.253456e-03
  -4.092062e-03
  -1.381463e-02
   4.217348e-05
  -4.980499e-03
   8.660050e-03
   7.018100e-03
   2.501837e-02
  -3.883122e-03
  -7.904317e-03
  -4.150775e-02
  -2.970047e-02
  -3.188678e-02
  -8.718151e-03
   1.874263e-02
   1.460743e-02
   3.602949e-03
   1.428177e-02
   6.054041e-02
   1.039224e-02
   1.230433e-03
  -6.946263e-03
  -2.257690e-02
   2.081187e-02
  -2.758192e-02
   5.188797e-03
  -1.223452e-02
  -2.354862e-02
   7.075861e-03
  -1.028024e-02
   7.289129e-04
   1.657597e-02
   1.967480e-04
  -2.167712e-02
  -1.638387e-02
   2.316011e-02
  -2.491545e-02
  -4.539852e-02
  -1.659763e-02
  -3.289576e-02
  -3.947159e-02
  -1.451265e-02
   2.837470e-02
  -3.425873e-02
   1.298522e-02
   2.301361e-02
   2.374064e-02
  -2.425430e-02
   1.210114e-03
  -2.642308e-02
   4.268655e-03
  -1.080519e-02
   2.353809e-03
   9.131714e-03
  -1.895772e-02
  -1.372878e-02
  -1.728153e-02
  -6.696152e-03
  -3.041699e-04
   5.814781e-03
  -1.332940e-02
   6.504768e-03
  -1.098889e-02
  -8.273769e-03
  -5.054190e-03
   1.591596e-02
   2.940206e-02
  -8.298811e-03
   7.417221e-03
  -3.352935e-02
   4.885655e-03
  -6.165749e-03
  -1.077933e-02
  -7.673789e-03
  -1.737337e-02
   1.514061e-02
  -3.402599e-03
   1.826060e-02
  -2.994203e-02
   1.155779e-02
  -2.389567e-03
   2.788730e-02
  -6.237523e-03
   1.838827e-02
  -9.884121e-03
  -2.167255e-02
   2.772033e-02
   6.648471e-03
  -6.981140e-03
  -7.995721e-03
   1.189921e-02
   1.059771e-02
   1.293728e-02
  -5.208158e-03
  -2.092533e-02
  -3.362797e-02
  -9.511519e-03
   1.014760e-02
   3.671256e-03
   1.191664e-02
  -4.866257e-02
   7.513098e-03
  -2.501634e-02
   1.412644e-02
  -7.227969e-03
   1.197019e-02
  -1.051032e-02
  -2.055546e-03
  -3.673161e-02
   4.510001e-03
   2.239158e-03
  -2.440157e-02
  -3.272823e-03
  -1.346354e-02
  -8.039392e-03
  -2.984594e-02
  -3.860601e-02
  -2.689059e-02
  -2.039319e-02
   5.953866e-03
  -9.570811e-03
  -1.216048e-02
   1.355240e-02
   1.173956e-02
  -1.089349e-02
  -1.665931e-02
  -3.387630e-02
   4.714173e-05
  -1.369230e-02
  -3.161251e-02
  -1.363997e-02
  -4.268609e-02
  -3.585653e-02
  -2.288962e-02
   2.621575e-02
  -2.264755e-02
  -2.373746e-02
  -1.026948e-02
  -3.458254e-02
  -2.304426e-02
  -1.063981e-02
  -2.827445e-02
   3.504301e-02
   5.660178e-03
  -3.086768e-02
   1.402656e-02
   1.752704e-02
   1.287653e-02
   5.477572e-03
  -1.055635e-03
  -2.033851e-02
   1.021020e-02
  -2.165334e-02
  -2.065787e-02
   1.147127e-02
   1.009154e-02
   7.568832e-03
  -4.545242e-03
  -8.756931e-03
  -1.018514e-02
  -5.265813e-03
   1.337335e-02
  -2.935561e-03
  -7.986855e-03
  -3.804937e-02
   1.091137e-02
  -1.138714e-02
  -1.444568e-02
  -3.345088e-02
   5.599193e-03
   1.604367e-03
  -4.489913e-02
   8.799424e-03
  -1.904002e-02
  -3.839055e-02
   4.286695e-02
   2.850571e-02
   5.528783e-03
   1.638742e-02
   9.530088e-04
   1.131158e-02
   3.752898e-02
   6.284238e-03
   1.408425e-03
  -3.473133e-02
  -1.078545e-02
  -5.336722e-03
   7.063777e-03
   2.350845e-02
   9.949167e-03
   1.215075e-02
  -2.184563e-02
  -1.055916e-02
  -1.254070e-05
  -3.488772e-03
  -1.414221e-02
  -1.980759e-02
   5.679006e-06
  -3.244474e-02
  -4.921781e-03
  -9.273855e-03
  -1.425381e-02
  -1.118383e-02
  -1.965295e-02
  -4.288540e-02
   6.721442e-03
  -3.458860e-02
  -2.027171e-02
   7.495384e-03
   2.494836e-03
   2.251579e-02
   2.091196e-02
   1.286739e-03
  -2.114682e-02
   6.538053e-03
   3.973239e-03
  -2.656471e-02
   1.758411e-02
  -3.895162e-04
  -3.257212e-02
   3.464868e-03
   8.682718e-03
   1.141598e-03
   1.088719e-02
   1.235403e-02
   1.016652e-02
   2.077598e-02
  -2.528562e-02
  -3.919809e-02
  -2.393315e-02
  -3.260704e-02
   3.647716e-02
  -3.998168e-02
  -3.908676e-02
  -1.243294e-02
  -4.061419e-02
  -2.474530e-02
   8.756475e-03
   1.294390e-03
   2.690519e-02
   1.925269e-02
  -3.021621e-02
   1.232962e-02
  -2.333080e-02
   5.784099e-03
  -1.020742e-03
  -6.902978e-03
   3.745433e-03
   6.770036e-03
  -3.401376e-02
  -1.868373e-02
  -1.895511e-02
   1.239367e-04
   2.999481e-02
   4.056959e-03
  -2.364331e-02
   7.024798e-03
   7.548609e-03
  -5.388570e-02
  -2.178183e-02
  -1.491906e-02
  -1.901754e-02
  -8.110765e-04
  -1.916643e-02
  -2.495324e-02
   6.816459e-03
   9.535399e-03
  -1.553939e-02
  -1.361128e-02
  -2.852007e-02
   5.006614e-03
  -9.184697e-04
   2.419990e-02
   3.453866e-03
   1.273231e-02
   1.063892e-02
  -1.473330e-02
  -1.399343e-02
  -2.622625e-02
   1.416604e-02
  -7.445179e-04
  -7.537776e-03
  -2.137655e-02
  -9.966624e-04
  -1.021053e-04
   3.461830e-03
  -4.374853e-02
  -2.131344e-02
   1.536541e-02
   1.982289e-02
   3.655465e-02
  -2.753956e-02
   4.837533e-05
  -3.640687e-02
  -1.676642e-02
  -1.308132e-02
  -1.864999e-02
  -3.841175e-02
  -6.117400e-03
  -1.784944e-03
   1.435964e-02
  -8.564970e-03
  -8.340235e-03
  -2.011124e-02
   3.213764e-02
   7.099471e-03
   1.795434e-02
   2.000365e-02
   5.866196e-03
  -7.379982e-04
  -1.170088e-03
   3.741814e-03
  -2.641376e-02
  -5.490145e-03
   9.990559e-03
   4.371316e-03
   1.291958e-03
  -4.009566e-03
  -1.184942e-02
  -1.457056e-02
  -7.170617e-03
   4.484103e-03
   8.000387e-04
  -5.212143e-02
   6.406962e-03
  -1.752582e-02
  -2.291163e-02
  -2.987248e-02
  -2.251783e-02
  -4.371915e-03
   1.052415e-02
   1.573770e-04
  -2.275979e-03
   1.402274e-02
  -9.816794e-04
  -5.329660e-03
   6.923908e-03
  -3.073375e-03
   1.961496e-02
   3.141768e-02
   1.232824e-02
   5.913237e-03
   1.854208e-02
   6.248046e-03
  -1.220668e-02
   2.000399e-03
  -9.592487e-04
   4.120051e-03
   4.908186e-03
  -2.136113e-03
  -2.798553e-02
  -1.794877e-02
   2.371332e-03
  -2.654628e-02
  -4.980924e-02
  -5.354445e-02
  -5.870267e-02
  -1.924973e-02
  -2.748180e-02
  -2.702004e-02
  -2.370584e-02
  -1.755562e-02
  -1.844858e-02
  -1.830572e-02
   9.306833e-04
  -1.810057e-02
  -1.408623e-02
   5.366592e-03
   3.109173e-04
  -3.108678e-02
  -1.770310e-02
  -3.130489e-03
   1.351472e-02
   8.966017e-03
   9.020268e-03
   8.532770e-03
   4.883681e-04
   1.318342e-02
  -1.994800e-02
  -2.003073e-03
   2.343676e-02
   1.854245e-02
  -7.864615e-03
  -1.415077e-02
   2.846976e-02
  -6.323132e-02
  -1.545101e-02
  -2.349247e-02
  -3.124950e-02
  -1.800494e-02
  -2.536876e-02
  -2.700867e-02
  -3.213429e-02
  -2.369616e-02
  -9.857581e-03
   1.185300e-03
  -2.964291e-02
  -8.026616e-03
   6.539100e-04
   1.778059e-02
  -1.568987e-02
   8.670805e-03
   7.153746e-03
   2.013332e-03
   3.589511e-02
  -1.885458e-02
   4.020883e-05
  -1.103652e-03
   1.757998e-02
   3.467160e-02
  -2.808150e-02
  -2.884394e-02
  -9.326686e-03
   7.902456e-03
  -6.631446e-03
  -1.993218e-02
   1.261393e-02
  -2.555600e-02
  -4.006711e-02
   6.275080e-03
  -1.451935e-02
   3.848230e-03
   3.960231e-03
  -2.351159e-02
   2.924551e-03
   1.112909e-03
  -1.447231e-03
  -2.773487e-02
  -1.202285e-02
   1.498311e-02
   3.582873e-03
  -4.888399e-03
   7.348854e-03
  -2.397190e-02
  -2.255899e-02
   8.398100e-03
   8.550172e-03
  -9.137310e-03
  -1.143879e-02
  -1.324455e-02
   1.757998e-02
   2.612579e-02
  -9.778542e-04
  -1.750333e-02
  -2.268821e-02
   1.449160e-02
  -8.334466e-03
  -3.529832e-02
  -8.567906e-03
  -1.706195e-02
  -2.378259e-02
  -2.021542e-02
  -3.695119e-02
  -1.715908e-02
  -1.385402e-02
  -2.740619e-02
  -5.067809e-03
  -1.958356e-02
   3.069062e-02
  -6.314902e-03
  -5.696748e-03
  -2.598720e-03
  -6.282236e-03
  -1.295995e-02
  -2.099192e-03
   6.833448e-03
  -1.888336e-02
  -1.224906e-02
  -9.552085e-04
  -4.254602e-02
  -2.521928e-02
  -2.719121e-02
   1.757998e-02
   2.185289e-02
   1.043752e-02
  -4.880376e-03
   4.394188e-03
  -2.505505e-02
  -5.899691e-03
  -1.309796e-02
  -3.019322e-03
  -1.136137e-02
  -1.778588e-02
  -1.471530e-02
   4.371125e-03
  -5.309234e-02
  -5.293728e-03
   7.117032e-03
   2.379396e-02
  -6.977124e-03
   1.242775e-02
  -2.251861e-02
   3.826856e-03
  -1.708252e-02
  -1.315315e-02
  -8.783899e-03
  -1.141482e-03
   1.328699e-03
   5.961554e-03
   2.109240e-03
   2.094278e-03
  -1.484289e-03
  -5.347917e-03
   1.065981e-02
   1.757998e-02
   1.971644e-02
   4.434692e-03
  -1.684987e-02
  -5.105359e-03
  -2.860390e-03
   1.703105e-02
  -1.497823e-02
  -2.453860e-03
  -7.578315e-03
  -2.272886e-02
  -4.347391e-02
   1.727654e-02
   9.462045e-04
   3.865441e-02
   3.153215e-02
  -1.466422e-02
  -2.715036e-02
   1.486649e-02
  -5.882528e-03
  -9.995470e-03
   2.137650e-02
   4.111679e-03
   9.288078e-04
   7.458643e-03
  -6.338724e-03
  -9.279546e-03
   4.279080e-04
   2.012662e-02
   8.680317e-03
   1.666200e-03
   6.163007e-03
   1.438778e-02
   3.166206e-03
  -1.992615e-02
   3.297976e-03
   4.026914e-03
   1.259881e-02
  -4.465432e-02
  -5.349325e-03
   7.490519e-03
  -2.348786e-03
  -7.433186e-03
   2.105059e-02
  -3.171243e-02
   4.006305e-03
   3.493382e-02
  -3.989430e-03
   1.750269e-03
  -4.769258e-03
   1.476120e-06
  -2.993296e-03
  -5.243877e-03
   1.077287e-02
  -1.779646e-02
  -3.430386e-02
  -1.165399e-02
  -1.897426e-03
  -3.369650e-02
  -3.352017e-03
  -1.358143e-02
  -3.094699e-02
   2.227187e-02
   2.227187e-02
   2.560936e-02
  -1.826755e-02
  -2.044076e-02
  -1.997801e-02
  -3.368051e-03
   9.240510e-03
   1.916773e-03
   2.481075e-02
  -2.679722e-04
  -9.705684e-03
  -1.456189e-02
   3.987860e-03
   1.367749e-02
   8.678379e-04
   1.306079e-02
   1.839426e-02
  -2.025101e-02
   3.108725e-03
   7.766983e-03
  -1.440999e-03
  -9.096685e-03
   6.532294e-02
  -2.985838e-02
  -4.788979e-03
   1.239301e-03
   6.556005e-04
   1.475489e-02
  -1.447224e-02
  -6.445284e-03
  -7.296828e-03
   1.867063e-02
   1.857014e-02
  -9.160382e-03
   2.238460e-02
  -2.359135e-02
  -2.368504e-02
  -6.115332e-03
   7.131777e-03
   1.827015e-02
   1.758708e-02
   2.599700e-02
   5.705771e-03
   8.259943e-04
  -3.249010e-03
  -2.456829e-02
   2.213735e-03
  -1.952756e-03
   1.046636e-02
  -1.256601e-02
   1.323834e-02
   4.606289e-02
   2.955622e-03
   8.638239e-03
   1.602849e-02
   1.685779e-02
  -1.485596e-02
  -2.912497e-03
  -1.147436e-02
  -1.193432e-02
   6.202584e-03
   1.490945e-02
  -2.697304e-02
  -4.754110e-03
   1.476792e-02
  -2.372822e-02
  -2.079977e-03
  -1.189613e-02
  -1.001706e-02
   4.039896e-02
   1.984985e-02
   2.401392e-03
   1.270413e-03
  -1.732299e-02
  -6.072321e-03
  -7.209941e-03
   2.543807e-02
   3.986582e-02
   1.758954e-02
   5.845565e-03
   2.047964e-02
  -4.243802e-02
   1.329598e-02
  -6.749114e-03
  -4.143764e-02
  -8.279688e-04
  -1.458621e-02
  -3.514791e-03
   1.060593e-02
   1.344103e-02
   1.738036e-02
  -1.130168e-02
  -5.159977e-02
   8.353339e-03
  -1.810859e-02
  -1.391970e-02
   9.023733e-03
  -2.530163e-02
  -2.474098e-03
  -2.354501e-03
   7.306725e-03
   1.751602e-02
   1.201881e-02
  -2.978485e-02
   1.495298e-02
   1.168875e-02
  -5.462122e-03
  -3.147287e-03
  -3.649222e-03
   9.714372e-03
   2.243304e-02
  -2.842143e-03
  -3.048352e-02
  -2.321548e-02
  -1.843640e-02
  -4.538969e-02
  -1.537545e-02
  -1.356350e-02
  -2.217699e-02
  -2.693667e-02
   7.553788e-03
  -4.962519e-03
  -7.558904e-03
   9.470222e-04
   1.026948e-02
  -2.716904e-02
  -3.989495e-02
   6.707252e-03
  -1.796389e-02
  -1.281935e-02
  -1.853941e-02
  -4.953998e-03
   6.031919e-03
   1.631886e-02
   1.658462e-02
  -2.441742e-03
  -3.273354e-02
  -6.179467e-03
   1.414492e-02
   1.245181e-02
  -3.323844e-02
  -1.979215e-02
  -1.208132e-02
  -9.163662e-03
   4.900935e-03
  -1.439815e-02
  -2.927142e-03
   9.601877e-03
  -1.783768e-02
  -1.953850e-02
  -3.362158e-02
   9.493751e-03
  -2.984741e-02
  -8.420702e-03
   6.459165e-03
   2.996702e-02
  -2.941010e-02
  -1.307214e-02
  -1.348406e-05
  -2.518466e-02
   1.030638e-03
   1.219605e-02
   3.607611e-03
  -5.142988e-03
   6.735058e-03
   2.514286e-02
  -1.971451e-02
  -6.060404e-04
   5.293213e-03
  -1.781800e-02
  -9.665386e-03
  -2.213572e-04
   4.448943e-03
  -9.419744e-03
  -8.438966e-03
   2.687200e-03
  -5.763927e-03
  -2.487992e-02
   1.152410e-02
   2.948182e-03
  -3.332817e-02
  -1.313126e-02
   7.087389e-03
   2.508575e-02
   5.867611e-02
  -5.332040e-03
   1.987405e-02
  -4.133545e-02
   1.251878e-02
   6.376760e-03
   2.145597e-03
  -3.960541e-02
   3.468419e-02
  -4.705438e-03
   1.716620e-02
  -2.596062e-02
   1.507636e-02
   2.082377e-02
   9.504029e-03
   1.443887e-02
   4.850495e-05
  -4.672091e-03
   3.753221e-03
  -8.120801e-03
  -5.509322e-03
  -8.317865e-03
  -3.595226e-03
  -4.292419e-04
   3.678638e-03
   1.722908e-02
  -1.506929e-02
   2.399492e-02
  -3.302018e-02
  -1.592943e-02
  -1.047289e-02
  -1.303682e-03
  -1.720095e-02
   2.964123e-02
  -1.125634e-02
  -5.916076e-03
  -4.183359e-02
   2.391480e-02
  -4.890640e-02
   1.950435e-02
   3.195620e-03
   1.347741e-02
  -7.419413e-05
  -4.785736e-02
   1.925006e-02
   3.007534e-02
   2.240361e-02
   2.763147e-02
   1.198693e-02
  -4.006492e-04
  -1.557165e-02
   9.153047e-03
  -4.777270e-02
  -1.474717e-02
  -3.806880e-02
  -2.179959e-02
  -1.862895e-02
  -2.621390e-02
  -2.017422e-02
  -3.424909e-02
  -1.987100e-02
  -3.676404e-02
  -2.493709e-02
  -2.626641e-03
  -2.068830e-02
  -2.044991e-02
  -1.724756e-02
  -3.255905e-02
  -2.989757e-02
   4.553176e-03
  -1.493842e-03
  -5.955899e-04
   2.058522e-02
   7.490041e-03
  -1.011434e-02
   1.284123e-02
   2.102195e-02
   6.984444e-03
   1.876269e-03
  -1.707595e-02
   3.520000e-02
   6.654217e-03
  -3.157618e-02
  -1.121157e-02
  -1.095501e-02
  -4.970164e-03
   1.293513e-02
  -1.637175e-02
  -3.018094e-02
   1.551204e-02
  -8.373584e-03
  -2.030226e-02
   7.656276e-03
  -7.449169e-02
  -4.988481e-02
  -2.030776e-02
  -2.083779e-02
  -1.617693e-02
  -1.028428e-02
  -1.245684e-02
  -1.202155e-02
  -9.493880e-03
  -2.378169e-02
   1.624749e-02
  -6.780638e-02
   8.301735e-03
   3.759419e-03
  -1.719635e-02
  -6.895877e-03
   8.198588e-05
  -4.807034e-03
   7.961161e-03
   2.512618e-03
  -1.839679e-02
  -1.112386e-02
   1.333716e-04
   2.013439e-02
   1.956894e-02
  -5.676880e-02
  -9.091402e-03
  -3.612633e-02
  -1.266289e-02
  -8.529902e-03
   5.147046e-03
  -2.521191e-02
  -7.186460e-03
  -2.413188e-02
  -7.881811e-03
  -8.017820e-03
  -2.806194e-02
  -2.166472e-02
  -2.972104e-02
   6.289748e-03
  -6.725450e-03
  -1.792422e-02
  -3.570357e-03
   4.431467e-03
   3.327637e-03
   5.781974e-03
  -9.061906e-03
  -7.978892e-03
  -2.228995e-03
   2.289877e-02
   1.730611e-02
   3.163181e-02
   4.035611e-02
   1.474465e-02
   2.734517e-03
  -1.285403e-03
  -4.979636e-02
   5.763694e-03
  -4.093743e-03
  -1.443257e-02
  -3.795065e-03
   2.135963e-03
  -2.138544e-02
   5.714121e-03
  -5.468662e-02
  -8.573809e-03
  -2.377716e-02
  -2.723642e-02
  -1.297031e-02
  -1.859162e-02
  -1.309053e-02
   4.092652e-04
  -8.817712e-03
  -1.712948e-02
  -1.703617e-02
   2.678291e-02
   1.238775e-02
  -3.551383e-04
  -1.577134e-02
  -1.221934e-02
  -2.391785e-02
   1.426873e-02
   2.827825e-04
   2.116136e-02
   4.293513e-02
   2.471879e-02
  -1.706528e-02
  -3.622047e-02
  -4.300841e-02
  -8.155743e-03
  -8.953521e-03
  -3.077629e-03
   9.779232e-03
  -4.835308e-02
  -2.587771e-02
   1.751402e-02
   5.542842e-03
  -2.856057e-02
  -5.141661e-02
  -3.252305e-02
  -2.044284e-02
  -1.557131e-02
  -4.458714e-03
  -1.481612e-02
  -2.639806e-02
   3.828157e-03
  -1.669210e-02
   2.562842e-03
   2.288628e-02
  -3.818934e-03
  -1.804359e-02
  -1.209283e-03
  -4.181632e-02
   1.173077e-02
   7.300891e-03
   9.795731e-03
  -8.689869e-03
  -7.028463e-03
  -2.647692e-03
  -2.585380e-03
  -1.067284e-02
   1.357527e-02
   2.528107e-02
  -3.302266e-03
   8.151964e-03
  -2.090851e-02
  -1.183099e-02
  -3.915366e-02
  -5.024698e-02
  -5.979470e-02
  -3.643587e-02
  -3.344211e-02
   8.084940e-03
  -3.025807e-02
  -1.005150e-02
  -1.678703e-02
  -2.330409e-02
  -7.715682e-03
  -7.397938e-03
  -2.402291e-03
   3.322581e-02
  -2.009748e-02
  -7.989263e-03
  -6.551987e-03
  -3.838562e-03
   1.422723e-02
  -2.403316e-02
  -1.310612e-02
  -2.932737e-02
  -1.813891e-02
  -3.098693e-02
  -1.678615e-02
  -1.372950e-02
   5.191771e-03
   2.852075e-02
  -1.657080e-02
  -1.895795e-02
  -3.160195e-02
  -2.856290e-02
  -1.304593e-02
  -3.854820e-02
   1.341950e-02
  -1.090059e-03
  -2.983539e-02
  -3.979964e-02
  -1.373511e-02
   6.548359e-03
  -1.897640e-02
  -2.114024e-02
  -8.777399e-03
  -2.781684e-03
  -2.088037e-02
  -1.161317e-02
  -1.069883e-02
  -1.304429e-02
   2.448426e-02
  -1.904870e-02
  -5.694010e-03
   3.684445e-02
   2.549015e-02
   1.846439e-02
  -5.212897e-03
  -2.530402e-02
  -6.243886e-03
  -1.661608e-03
  -7.599438e-03
   2.500889e-03
  -1.341865e-02
  -2.538018e-02
   1.135998e-02
  -1.527769e-02
  -3.419906e-02
  -2.882431e-02
   3.761827e-03
  -3.602469e-03
  -4.500975e-02
  -2.030108e-02
  -5.434181e-02
   1.703046e-03
  -5.866560e-03
  -3.294249e-04
  -3.471986e-03
  -1.337605e-02
   2.468913e-02
  -9.036338e-03
   3.460973e-02
  -1.133295e-03
  -2.496532e-02
  -1.432413e-02
  -3.072639e-04
   1.697895e-02
   4.808180e-02
  -2.830288e-02
  -1.657392e-02
  -3.971224e-02
   2.335852e-02
   2.092639e-02
  -6.863938e-03
   1.690340e-03
  -9.057446e-03
  -1.534583e-03
  -8.555426e-03
  -8.781259e-03
  -3.585232e-02
  -8.415902e-03
   1.712573e-02
  -2.935834e-02
  -2.021758e-02
  -3.380449e-02
  -6.567002e-03
   2.164653e-03
  -3.263303e-04
   2.916109e-02
  -1.461103e-02
   2.351825e-02
  -2.790511e-02
  -1.630949e-02
   3.689220e-03
   1.032752e-02
   3.966867e-02
   8.411304e-04
   1.167267e-02
  -1.670321e-02
   1.049453e-02
   2.268578e-03
   2.684705e-02
   1.458746e-02
   1.169080e-02
  -2.764235e-02
  -1.119191e-02
   2.018185e-02
   6.272913e-03
   1.930293e-02
  -1.033517e-02
  -4.387384e-02
  -1.158111e-02
  -1.280311e-02
   4.723709e-02
  -6.666657e-02
  -9.501839e-03
   1.318279e-02
   1.902145e-02
   1.384890e-02
   1.107530e-02
   9.846549e-03
  -8.930286e-03
  -1.937479e-02
  -2.049725e-02
  -2.358264e-02
  -7.232582e-03
  -9.145242e-04
   2.006749e-02
   7.662576e-03
   2.954928e-02
   1.062639e-02
   8.330965e-03
   6.111515e-03
   7.735001e-03
  -1.864353e-02
   4.294558e-04
  -4.557188e-02
   1.033772e-02
   2.501494e-02
  -5.335689e-03
   3.429610e-02
  -8.214330e-03
  -2.759402e-02
  -1.226615e-02
   1.300851e-02
  -5.144668e-02
  -2.161382e-02
   1.248302e-02
  -4.531484e-02
  -3.693013e-02
  -7.726138e-03
  -1.415810e-02
   8.080087e-03
  -2.003261e-03
  -5.159584e-03
  -1.421185e-02
  -1.034278e-02
   2.897084e-03
  -1.093997e-02
   3.385324e-02
   1.114438e-02
   2.067406e-02
   2.132851e-02
   3.282711e-02
   1.616668e-02
   9.561426e-03
   2.379893e-02
   3.386542e-02
  -1.467520e-03
   1.970443e-02
   2.475061e-02
   1.335369e-02
   1.653412e-02
  -5.208452e-02
  -4.602176e-02
  -1.640566e-02
  -1.533779e-02
  -2.365954e-03
   6.534982e-03
  -7.768418e-03
  -3.558057e-02
  -6.785571e-03
  -6.911031e-03
  -2.569565e-03
  -3.310758e-03
  -1.931195e-03
  -8.885526e-03
  -1.616047e-02
  -2.394745e-02
  -2.154214e-02
  -8.436725e-03
   1.357655e-02
   2.267341e-03
   1.147070e-02
   8.036501e-03
   1.750837e-02
   5.644524e-04
  -2.448015e-02
   9.536884e-03
   2.585171e-02
   8.709154e-03
  -4.984462e-03
  -1.920156e-02
  -1.468080e-02
   1.305708e-03
   1.919041e-02
  -4.662779e-02
   8.003055e-03
  -2.213767e-02
  -3.138108e-02
  -5.450845e-02
  -1.451111e-02
   1.539066e-02
  -3.299047e-02
   1.225706e-02
  -7.923545e-03
  -7.022149e-03
   6.474763e-03
   1.416738e-03
   9.419089e-03
  -3.995743e-02
  -9.479858e-03
   7.942478e-03
   1.531314e-02
  -1.791891e-02
  -2.677991e-03
  -8.689706e-03
   1.166151e-02
  -6.937098e-03
   1.267139e-02
   1.297703e-02
   8.476671e-03
  -8.419290e-03
  -5.778307e-02
  -1.501255e-02
  -1.711768e-02
  -2.709832e-02
  -8.272293e-03
  -1.530104e-02
  -1.216799e-03
  -2.569766e-03
   1.119627e-02
  -2.449096e-02
   6.266743e-03
  -2.589133e-04
  -1.895692e-02
  -1.327763e-02
  -6.818245e-02
  -2.332906e-02
  -2.773800e-02
  -1.341376e-03
   4.038857e-03
  -9.151836e-03
   1.563765e-02
  -1.515833e-02
   6.725321e-03
   9.043787e-03
   4.425955e-03
   1.124956e-03
  -1.936146e-02
  -1.420567e-02
   3.928155e-03
   2.264740e-02
   3.497229e-03
  -1.239423e-02
  -2.099471e-02
   7.193177e-03
  -1.167903e-02
   3.562939e-03
  -1.690897e-02
  -5.087272e-03
   7.114719e-04
   1.395178e-02
   1.378592e-02
  -2.256160e-02
  -2.641200e-02
  -3.736139e-03
  -7.385201e-03
  -1.577488e-02
   1.062393e-02
  -4.795896e-02
  -3.006889e-03
   1.513344e-03
  -2.400769e-04
   7.087045e-03
   5.311693e-04
  -2.622986e-03
   9.650499e-03
  -7.612131e-03
   2.721869e-02
  -1.563872e-02
  -2.311938e-02
   7.538882e-03
  -5.400506e-03
  -2.415417e-02
  -1.038573e-02
  -1.568233e-02
  -1.399702e-02
   4.343973e-03
  -1.949537e-02
  -3.552698e-02
   2.067411e-02
  -3.672760e-02
  -1.800806e-02
   2.234635e-03
   9.638533e-03
  -3.086250e-03
  -1.869398e-02
   2.002831e-03
  -1.518572e-03
   1.564278e-02
  -1.841035e-02
  -2.165068e-03
   1.238780e-03
   8.888297e-03
  -6.272432e-03
   4.302046e-04
   8.239397e-04
  -5.515278e-03
   3.136635e-02
   8.414829e-03
   3.376542e-02
   2.890702e-02
  -3.044138e-02
   2.532430e-02
   1.811937e-02
   3.443433e-02
  -4.079344e-02
   2.789241e-02
  -2.365503e-02
  -2.251825e-02
  -4.824368e-02
  -1.232213e-02
  -3.793353e-03
  -1.424021e-02
  -1.073457e-02
   3.356296e-03
   1.004532e-02
  -3.953419e-02
  -2.915125e-03
   1.545533e-02
  -1.633470e-02
   2.073651e-02
   6.442400e-03
  -8.864433e-05
   5.961372e-03
   8.954814e-03
   3.468588e-03
  -1.108407e-03
   8.459169e-03
   1.968849e-02
   2.237122e-02
   4.497941e-03
   2.785818e-03
   6.045490e-03
  -9.826345e-03
   4.638815e-03
   1.140649e-02
   1.146128e-02
  -1.296107e-02
  -3.810281e-02
   1.315188e-02
  -1.990106e-03
  -7.722457e-03
  -7.561795e-03
  -4.005711e-02
  -2.199683e-03
  -1.404629e-02
   2.829065e-02
  -1.822599e-02
   4.871134e-02
  -9.570207e-03
   1.946044e-02
  -1.694986e-02
  -2.111423e-02
   1.700104e-02
  -4.543265e-03
   1.673398e-02
   1.750100e-02
   3.118836e-03
   6.662120e-03
   1.443265e-02
   9.265599e-03
   1.605882e-02
  -1.558011e-02
  -8.685501e-03
  -1.778936e-02
  -1.954830e-02
   3.552241e-03
   1.442296e-02
   4.670048e-02
   1.159951e-02
   1.059129e-03
   1.162991e-02
   9.128395e-03
   6.339924e-03
   1.761383e-02
  -7.799632e-03
  -2.638578e-02
  -4.334340e-02
  -4.657183e-03
  -1.554859e-02
  -4.125666e-03
   6.724233e-03
   1.018352e-03
  -2.919203e-02
  -1.175816e-02
  -3.870890e-03
  -4.676393e-03
  -1.044167e-02
  -3.788161e-03
  -1.700521e-02
   1.519193e-03
  -3.623734e-03
  -1.311757e-02
  -2.540317e-02
  -3.160515e-02
  -4.158356e-03
  -1.246751e-02
  -1.545481e-02
  -1.033714e-02
  -3.967365e-03
   1.715954e-02
   1.487633e-02
  -6.400246e-03
   5.271962e-03
   9.430908e-03
   3.671114e-04
  -1.055501e-02
   1.763052e-02
   5.666449e-03
   2.567494e-03
   2.775832e-02
   6.658093e-03
   1.712782e-02
  -9.747145e-03
   4.871488e-04
   3.137733e-02
  -1.154113e-02
   1.009094e-02
   1.502593e-04
  -1.278872e-02
  -5.206758e-03
   3.274431e-02
  -7.520583e-03
  -1.656036e-02
   1.264262e-02
   4.344024e-03
  -2.251045e-02
  -1.099614e-02
  -3.287613e-03
   1.360081e-02
  -1.298785e-04
  -1.467692e-02
  -1.352646e-02
   3.714649e-02
   7.472990e-03
   6.427275e-03
  -3.148059e-02
  -3.747379e-03
   3.487998e-02
   6.852748e-03
  -7.609461e-03
  -2.220559e-02
   4.264131e-04
  -2.705177e-03
   8.431252e-03
   1.087111e-02
   1.952892e-03
   3.411829e-02
  -2.867763e-02
   9.285401e-03
  -7.620408e-03
  -2.157601e-02
  -1.759879e-02
   7.159555e-03
  -7.520583e-03
  -1.204047e-02
   3.010732e-04
  -5.001202e-03
  -1.964870e-02
  -6.319625e-03
  -2.869319e-04
  -8.983596e-04
  -9.096574e-03
  -1.188675e-02
  -1.438687e-02
   1.181033e-02
  -7.281564e-03
  -2.096868e-02
  -9.030374e-03
  -1.537710e-02
   1.409922e-02
   2.192525e-02
  -2.075146e-02
  -1.935595e-02
  -1.141902e-03
   1.480874e-04
   1.050348e-03
  -6.623566e-03
   3.305708e-03
   2.302961e-02
  -4.003404e-03
  -6.221485e-03
  -1.834128e-02
  -1.311017e-02
  -2.601359e-02
   6.333143e-03
  -7.520583e-03
  -9.780527e-03
  -4.739727e-03
  -7.913259e-03
  -2.019253e-02
   5.730028e-03
   9.357870e-03
  -9.368413e-03
  -2.626148e-02
  -1.900811e-02
  -4.394460e-02
   1.667817e-03
  -3.510700e-03
   1.602074e-02
   5.909637e-03
  -1.384469e-02
   1.496877e-02
  -8.719532e-03
   1.283792e-02
  -3.332487e-02
   1.806534e-02
   4.291342e-03
   2.245621e-03
   3.170593e-02
   1.808879e-02
   1.642708e-02
   2.080490e-03
  -7.043963e-03
   3.375665e-03
   4.146717e-03
  -1.546558e-02
  -2.452987e-02
  -7.520583e-03
  -8.650555e-03
  -5.036618e-03
  -1.719574e-03
  -7.877357e-04
   1.954890e-02
  -1.663208e-02
  -1.849084e-03
  -3.261605e-02
   6.060414e-03
   2.569207e-03
   4.625945e-02
   1.495460e-02
   2.048940e-02
   3.049287e-02
   6.275962e-03
  -2.293262e-03
  -1.655332e-02
   1.680550e-02
   1.007186e-04
   1.682153e-02
   8.022259e-03
   5.133940e-03
   1.869820e-02
   1.925474e-02
   2.250944e-02
  -2.835048e-03
   7.386606e-03
   2.991874e-02
  -3.150132e-02
  -2.348345e-02
  -2.400666e-02
   6.683145e-03
   6.084156e-03
  -1.522004e-02
   4.275412e-03
   5.685501e-03
  -1.521773e-02
   2.286740e-02
   4.476095e-03
   1.017175e-02
   1.907148e-02
   1.288139e-02
   2.899826e-02
   8.410486e-03
  -6.667335e-04
  -7.313708e-03
   5.669177e-03
   5.938882e-03
   2.725990e-02
   1.854224e-02
   5.551342e-03
  -1.157623e-02
  -1.145488e-02
  -7.554824e-03
  -1.659037e-02
   9.333244e-03
   5.515058e-04
  -9.184214e-04
   3.234312e-02
   1.391888e-02
  -5.284524e-03
  -1.614519e-03
  -1.614519e-03
   7.282133e-03
   1.432771e-02
  -4.239875e-03
   4.335319e-03
   9.238150e-03
   9.709702e-03
   1.562717e-04
  -3.757914e-02
   8.753796e-03
  -7.955202e-03
   2.156583e-02
  -1.371185e-02
   1.237065e-02
   3.047778e-02
   3.058418e-04
  -1.467774e-02
   2.430928e-02
  -6.577644e-03
   2.281548e-02
   1.729194e-02
   2.350899e-02
   7.104480e-03
   5.380783e-03
   2.460417e-02
   4.403860e-02
   1.123346e-02
  -1.707461e-03
   1.125233e-02
   1.469804e-02
   1.651157e-03
   1.703289e-02
   1.540551e-02
   9.178138e-03
   8.422459e-03
  -2.040249e-02
  -6.867868e-03
   1.533392e-03
   5.623405e-03
   5.627121e-03
  -7.933098e-03
   3.950097e-03
  -9.156488e-04
   1.258159e-03
   4.940335e-02
  -2.111030e-02
  -9.897108e-03
  -7.262964e-03
  -1.049283e-03
   1.496094e-02
  -9.491646e-03
   9.319821e-03
   2.092070e-03
  -4.282279e-04
  -8.275098e-03
   2.112969e-02
   2.076993e-02
   2.036860e-02
   2.051204e-03
   1.692987e-03
   1.254709e-02
   7.119094e-03
   1.241428e-02
   2.596978e-02
   3.079817e-02
   5.825125e-03
   9.191029e-03
   3.717007e-04
   1.232656e-02
   4.321580e-04
   7.773372e-03
   4.171369e-03
  -3.730471e-03
   2.276485e-02
   7.318938e-03
  -2.127478e-02
   1.387557e-02
   1.467809e-02
   5.978006e-06
  -1.442523e-02
  -2.070127e-02
  -6.029707e-03
  -2.973805e-03
   3.024882e-02
  -1.781525e-02
  -1.435337e-02
   2.824404e-02
   1.678375e-02
   2.049598e-02
   1.461468e-02
  -8.898466e-03
  -5.634105e-04
   4.318605e-03
  -6.991230e-03
  -8.404288e-04
  -1.278970e-02
   1.794412e-02
  -3.963054e-03
   4.999198e-03
   7.106655e-03
   1.594907e-02
   4.164769e-04
   1.726455e-02
   7.015453e-03
   1.848845e-02
   1.351620e-02
   2.870133e-02
   2.149767e-02
   7.959823e-03
   3.498252e-03
   9.668159e-03
  -9.284447e-03
  -3.426940e-02
   4.683546e-03
   8.960397e-03
   2.517145e-02
  -1.216514e-02
  -1.001644e-02
   2.927056e-03
  -2.734691e-03
   2.005276e-02
   1.070630e-02
  -2.792238e-03
   6.332330e-04
   1.894179e-02
   5.952036e-02
   4.004942e-03
   9.790449e-03
  -4.029720e-03
   4.130102e-04
   1.356406e-02
   7.868106e-03
   2.933607e-03
   1.183985e-02
   2.394531e-02
   1.483163e-02
   9.932268e-03
   4.914089e-03
   5.569049e-03
   9.909790e-04
  -1.149378e-02
  -1.831306e-02
   1.930288e-02
   1.888681e-03
   1.038376e-02
  -1.195884e-02
  -4.607104e-03
   8.163801e-03
  -2.339275e-02
  -8.537106e-03
  -3.784686e-03
   3.462750e-02
  -5.451859e-03
  -5.057908e-03
  -6.741371e-03
  -2.833336e-03
  -4.682813e-03
  -1.172004e-03
  -3.729950e-03
   1.020768e-02
   1.224380e-03
  -1.554737e-03
   5.004647e-03
   4.655784e-04
  -1.544899e-02
   2.006402e-02
  -4.520076e-03
  -2.066785e-03
  -9.103999e-03
  -9.361159e-03
   2.539876e-03
   6.714892e-03
   7.073789e-03
   8.690322e-03
  -1.231010e-02
   1.159954e-02
  -9.653507e-03
  -5.094382e-02
  -2.359378e-02
  -7.734228e-03
   9.156795e-03
   3.045450e-03
   2.050685e-02
   1.504954e-02
  -9.985724e-03
  -1.874469e-02
  -1.096654e-02
  -3.046453e-02
  -3.413913e-04
  -6.211971e-04
   5.107180e-04
   2.088077e-02
  -4.481772e-03
  -3.433082e-03
   3.004619e-03
   4.438553e-03
   1.748139e-03
   2.181364e-02
   9.913779e-03
  -9.474697e-03
  -1.789370e-02
  -1.409889e-03
   2.302519e-02
   1.625492e-02
   8.042172e-03
   3.949172e-03
   6.506341e-03
  -2.186166e-02
  -1.052218e-02
  -5.136080e-05
  -4.216529e-03
  -2.466373e-02
  -3.797121e-02
  -3.048775e-02
   9.713167e-03
   6.483824e-03
  -9.414518e-03
   9.892759e-05
  -2.634366e-02
  -2.575462e-02
   1.467212e-02
  -1.482111e-03
  -1.344781e-03
  -6.343036e-03
  -1.739718e-02
  -1.240280e-02
   8.333005e-03
   1.345519e-02
   2.779204e-02
  -1.109844e-02
   1.192671e-02
   3.696480e-02
   4.068354e-02
   1.014275e-02
  -1.954267e-02
   3.843636e-03
   1.346924e-02
  -7.442148e-03
  -4.043651e-02
   1.565134e-02
  -9.591304e-03
   1.122613e-02
   6.721174e-03
   2.774141e-03
   5.135314e-04
  -1.242275e-03
   1.445615e-03
   1.058710e-02
   1.899241e-02
  -2.606138e-03
  -2.445434e-02
   1.593047e-02
  -7.332431e-03
   2.648621e-02
   1.164212e-02
   9.155296e-03
   1.769436e-03
  -9.727981e-03
   2.972178e-03
   6.758764e-03
   1.339452e-02
   1.594839e-02
   1.522700e-02
   1.564808e-02
  -9.304570e-04
   2.084003e-02
   7.998325e-03
   5.920981e-03
   2.711340e-03
  -8.274640e-03
   2.501142e-02
  -1.363561e-02
  -5.472051e-02
  -9.436611e-03
  -1.078709e-02
   1.263141e-02
   3.673767e-02
   2.624739e-02
  -1.327554e-02
  -2.718784e-03
   1.174204e-02
  -7.723397e-03
   2.518815e-03
   2.279830e-02
  -2.843168e-03
   1.151361e-02
   1.269788e-02
   4.156056e-02
   8.654062e-04
  -2.068385e-03
   1.528701e-02
  -1.134355e-02
   3.030861e-02
   1.586093e-02
   1.738482e-02
   3.689050e-02
   5.306765e-03
   1.079040e-02
  -1.005348e-02
  -1.952065e-03
  -2.702235e-04
   2.381099e-02
  -2.042927e-02
  -4.758797e-02
  -2.292980e-03
   3.431824e-02
  -5.306431e-02
  -2.181303e-02
   1.304789e-02
  -3.632787e-02
  -1.454769e-02
  -1.992875e-02
  -1.275541e-02
   1.054583e-02
  -3.658042e-03
  -2.088084e-02
  -2.399537e-02
   9.713523e-03
  -1.308228e-02
  -2.279728e-03
  -1.386392e-02
  -9.610140e-03
  -1.930159e-03
  -9.857229e-03
   1.022569e-02
  -3.767986e-03
  -5.207527e-03
   1.196538e-02
  -2.502359e-02
   1.411280e-02
  -4.710017e-03
  -3.405535e-03
   8.217903e-03
  -1.337283e-02
  -6.172554e-02
  -2.640055e-02
  -1.237366e-02
   1.979126e-03
  -2.260529e-02
  -4.047253e-03
  -1.996620e-02
   1.033190e-03
  -1.829342e-02
  -1.290207e-02
  -1.600524e-02
  -7.292456e-02
  -6.815972e-03
  -1.175893e-02
  -2.445159e-02
  -4.182370e-03
  -1.224793e-02
  -2.373328e-02
   6.280335e-03
   1.214052e-02
  -6.030591e-03
  -1.629798e-02
  -8.041679e-03
  -3.595103e-02
  -4.152941e-02
   3.701002e-02
   4.158776e-03
   4.613021e-03
   1.522263e-02
   3.678711e-02
   6.204020e-03
  -3.584407e-03
  -1.071931e-02
   3.011187e-02
  -8.427456e-03
   8.577218e-03
   2.073097e-02
  -5.549133e-03
  -2.200035e-02
  -1.562300e-02
  -1.385445e-02
   2.619144e-03
  -3.692239e-02
   1.995745e-02
  -9.903167e-03
   5.112660e-03
  -2.397169e-02
  -1.874532e-02
  -2.157383e-02
   3.137944e-03
   6.491004e-03
  -1.826646e-02
  -1.803474e-02
  -7.368457e-03
   9.856611e-03
  -2.869202e-02
   9.895779e-03
   2.093005e-02
   3.565152e-05
   3.428341e-02
  -2.555634e-02
  -1.552150e-02
  -2.596059e-02
  -1.240806e-02
  -7.679176e-03
   1.201277e-02
  -2.011665e-02
  -6.791074e-03
   7.161182e-03
  -2.541039e-02
   5.349633e-03
  -2.039874e-02
  -2.412053e-02
   5.707218e-03
   3.509869e-02
   4.334428e-02
  -3.353304e-02
  -2.376246e-02
  -5.718750e-03
   2.618151e-02
  -7.033494e-04
  -4.077233e-03
   1.005473e-02
   1.304066e-02
   2.506942e-02
   4.178835e-02
   1.992247e-03
   5.281562e-03
   8.500743e-03
   3.116283e-02
  -6.024871e-03
   1.534864e-02
   9.038921e-03
   1.180066e-02
  -7.079962e-03
  -9.744009e-03
  -2.698662e-03
  -2.028644e-02
   1.358573e-02
   3.079043e-03
   4.011522e-02
   2.402965e-02
  -3.643265e-02
   6.680129e-03
   1.674937e-02
   9.231572e-03
  -2.889249e-03
  -1.261735e-03
  -8.133553e-04
   1.011030e-02
  -1.322362e-03
   1.242957e-02
  -1.302998e-02
  -2.879826e-02
  -7.922060e-03
   8.661243e-03
   1.591059e-02
  -1.793068e-03
  -5.802903e-03
   7.356108e-03
   1.012766e-03
  -1.787884e-03
   1.368220e-02
  -1.125820e-02
   3.456272e-02
   2.269476e-02
   1.320491e-02
   5.349049e-03
   2.691498e-02
  -1.317244e-02
  -4.614587e-02
   1.952391e-02
  -3.001601e-02
   7.452217e-03
   2.131873e-02
  -1.582638e-02
   1.411705e-02
  -4.189659e-03
  -5.462553e-02
  -3.614274e-03
  -3.926118e-02
   3.267396e-02
   4.312154e-03
   1.084445e-03
  -3.504788e-02
  -2.200093e-03
   1.312062e-02
   2.670081e-02
   6.444719e-03
  -6.962361e-03
  -2.553874e-02
  -1.487733e-02
   4.123610e-03
   6.628022e-03
   1.178521e-02
   2.331307e-02
   1.055008e-02
   2.172089e-02
   2.399994e-02
  -8.979682e-03
  -2.667806e-02
  -2.141310e-02
  -2.391950e-02
  -1.902291e-02
  -1.188191e-02
   1.088006e-02
  -2.361499e-02
  -3.309797e-02
   1.148663e-02
  -4.142250e-04
  -1.960296e-02
  -2.816740e-02
  -2.440990e-02
  -6.636576e-03
  -1.841514e-02
   2.264393e-02
  -3.093870e-02
  -2.260143e-02
  -3.413513e-02
   1.413327e-02
   1.172013e-02
   8.857924e-04
   3.469719e-04
  -1.395958e-02
   4.332651e-02
   1.239115e-02
  -2.335872e-03
  -2.996708e-02
   1.988636e-04
   1.218409e-02
   8.168742e-03
  -1.371364e-02
   1.163672e-02
  -2.188239e-02
  -2.049853e-02
  -7.124665e-03
  -1.475314e-02
  -9.151338e-03
   2.485112e-03
  -6.852241e-02
   5.762934e-03
  -3.475547e-02
   1.514533e-02
  -2.965610e-02
  -1.388133e-02
  -1.639522e-02
  -1.772985e-02
  -1.973179e-03
   1.851546e-02
  -2.037899e-02
  -2.787533e-02
   1.565724e-03
   1.458239e-02
  -1.561568e-03
  -1.813371e-03
   1.732801e-02
   6.670645e-03
  -2.718746e-03
  -3.552767e-03
  -9.738757e-03
   4.303580e-03
  -2.258750e-03
   1.941659e-02
  -1.420066e-02
  -1.122063e-02
   2.850486e-02
  -2.906757e-02
  -1.050259e-02
  -3.085463e-02
  -1.899537e-02
   4.102446e-03
  -1.798445e-02
   3.427976e-03
  -3.965201e-02
   9.155847e-04
  -1.304451e-02
  -4.650500e-02
  -7.411864e-03
  -9.808897e-03
  -3.132226e-02
   1.953862e-03
   1.866838e-02
  -2.911187e-02
   7.172796e-03
   1.277987e-02
   1.874152e-02
  -2.336690e-02
  -2.216170e-02
  -1.395836e-02
  -2.638401e-02
  -2.741320e-03
   2.929537e-03
   2.126869e-02
  -1.850869e-02
  -3.421694e-02
  -1.924399e-02
  -1.730709e-02
  -3.154082e-03
  -2.076257e-02
  -3.021135e-02
   2.524966e-02
  -4.007796e-02
   5.122082e-04
   3.930545e-02
  -8.376063e-03
   2.186386e-03
  -1.672273e-02
  -1.353624e-02
  -4.595528e-02
  -3.127323e-02
  -3.975303e-03
  -3.867291e-03
  -7.298249e-03
  -3.419369e-02
  -3.131138e-02
  -7.776932e-03
  -2.385451e-02
   1.828144e-02
  -6.011293e-04
   2.301870e-03
  -5.828243e-03
  -1.854227e-02
  -8.830193e-03
   4.516652e-03
   8.010677e-03
  -9.031819e-04
  -2.651125e-03
   1.430016e-02
  -3.966032e-03
  -1.363811e-02
   1.149907e-02
  -1.754809e-02
   1.443544e-02
  -3.892386e-02
  -1.281105e-03
  -2.458042e-02
  -4.771249e-02
  -3.338301e-02
  -5.645664e-02
  -2.731410e-02
  -1.652294e-02
  -1.851694e-03
  -1.217923e-03
   1.343346e-03
   6.914124e-03
  -1.603846e-02
  -8.640958e-03
  -6.649083e-03
  -1.131723e-02
   2.727162e-03
   3.282073e-03
   2.966844e-02
   1.144622e-02
  -2.341456e-02
  -5.206987e-03
   1.595659e-02
   1.246188e-02
   9.536407e-03
   2.056109e-03
   9.660692e-03
  -1.249607e-02
  -5.377972e-03
  -1.624027e-03
   3.217773e-03
   3.233198e-03
  -2.466425e-02
  -4.093437e-02
  -1.659249e-02
   6.704082e-04
  -8.142174e-03
  -3.479276e-02
  -1.395410e-02
   1.822079e-02
  -5.065909e-02
  -2.390633e-02
   3.544474e-03
   1.974578e-02
  -2.823330e-02
  -1.843713e-02
  -2.528351e-03
  -1.749250e-02
   1.372698e-02
  -3.336807e-02
   3.211210e-02
   4.535924e-02
   3.549321e-03
   2.373270e-02
   2.202574e-02
   1.317281e-02
   7.817491e-03
  -8.321540e-03
  -1.317874e-02
  -1.272240e-02
  -1.249238e-02
  -1.583498e-02
  -1.374247e-02
  -7.953613e-03
  -2.203197e-02
  -7.046451e-02
  -8.432713e-02
  -6.365838e-02
  -2.861993e-02
   1.634739e-02
  -1.193034e-02
  -4.570687e-03
  -1.046213e-02
   8.663719e-03
   1.528194e-02
  -7.934544e-03
  -2.669538e-02
  -1.524686e-04
   3.012078e-03
  -1.473486e-02
  -3.563963e-03
   1.252227e-02
  -2.411871e-02
   1.405936e-02
  -1.563143e-02
   9.853630e-03
  -3.835073e-02
   1.038611e-02
   1.091757e-02
  -5.937330e-03
  -1.182941e-02
  -1.449446e-02
  -2.449928e-02
   1.137447e-02
   3.523599e-03
  -6.895614e-03
   1.139612e-03
  -3.466245e-02
  -8.098367e-02
  -1.049553e-01
  -3.920020e-03
  -1.872495e-02
   5.614555e-03
  -1.103414e-02
  -3.017741e-02
   1.409999e-02
  -1.077309e-02
  -2.087531e-02
  -4.391831e-02
   4.467511e-02
   5.908382e-03
  -1.627228e-03
  -2.577025e-02
  -2.895361e-03
   1.364285e-02
   2.579554e-02
  -3.048070e-02
  -4.659645e-02
   1.944143e-02
  -7.372174e-04
  -3.203919e-02
   4.498365e-03
  -1.311930e-02
  -8.926740e-03
  -1.767600e-02
  -1.960197e-02
   1.575136e-03
  -1.848946e-02
  -4.226765e-03
  -5.396174e-02
  -9.998977e-02
  -2.328402e-02
  -4.575100e-03
  -5.559956e-02
  -1.547508e-02
  -1.500300e-02
  -2.694275e-02
  -5.235485e-03
  -5.612343e-03
  -2.564175e-02
  -8.465041e-03
   2.445293e-02
  -1.182539e-02
  -7.336400e-03
  -3.365920e-02
  -1.424152e-02
   5.778306e-04
  -6.104766e-03
  -2.647704e-02
  -1.627332e-02
  -1.584548e-02
   7.599497e-04
   1.886254e-02
  -1.937722e-02
  -1.516871e-02
   9.526854e-04
  -6.542418e-03
   1.158750e-02
  -1.942740e-02
  -1.986917e-02
   4.669550e-03
  -7.696796e-02
  -3.655681e-02
  -4.659728e-02
  -3.907167e-02
  -1.359534e-02
  -1.039634e-02
  -1.303627e-02
  -8.268158e-02
  -2.863696e-03
  -8.284547e-04
  -5.043759e-02
   1.124696e-02
   1.479177e-02
   2.970413e-03
   1.776622e-02
  -1.236601e-02
  -6.169998e-03
   9.014760e-03
  -6.152128e-03
  -1.549469e-02
   2.382566e-02
   3.427870e-02
   9.930635e-03
   1.640109e-02
   4.929688e-03
   1.776519e-02
   4.021037e-03
  -2.103386e-02
  -6.551913e-03
  -1.020938e-02
  -2.135011e-02
  -1.495085e-02
  -1.963707e-02
  -1.583708e-02
  -9.670207e-03
  -2.596700e-02
   8.294428e-04
   2.037191e-02
   3.592779e-04
  -4.769448e-02
  -2.444224e-02
  -2.675062e-03
   7.285475e-03
  -1.071415e-02
  -2.822708e-02
  -5.877683e-03
  -1.472578e-02
  -2.740106e-02
   4.347137e-03
   2.435036e-02
  -1.202381e-02
   1.739215e-03
   3.273615e-02
   7.862035e-03
  -1.171720e-02
   1.166656e-02
   6.145963e-03
   1.697812e-02
   1.129368e-02
   1.979078e-02
  -1.199246e-03
  -2.965619e-02
  -4.037104e-02
  -4.509458e-02
   2.313874e-03
   1.583428e-02
  -6.163898e-03
  -1.371178e-02
  -4.181095e-03
   3.365208e-02
  -3.064614e-03
  -6.904770e-03
  -6.871129e-03
   7.284977e-03
  -2.117998e-02
  -3.316197e-02
  -9.664137e-03
   1.550160e-02
   3.688089e-02
  -1.292816e-02
  -1.650964e-02
  -1.440948e-02
  -1.079696e-02
  -3.802237e-03
  -2.348969e-03
  -2.857388e-03
  -1.656036e-02
  -7.405786e-03
  -8.990518e-03
   1.208097e-02
   4.384786e-03
  -3.379153e-02
   1.162034e-02
  -9.962711e-04
  -5.146319e-03
  -2.336883e-02
  -2.228036e-02
  -8.789773e-03
  -1.710788e-02
  -2.748586e-02
  -5.163791e-02
  -3.558998e-02
  -1.247430e-02
   6.120316e-03
   1.816445e-02
  -8.144422e-06
  -2.475041e-02
  -1.459179e-02
  -1.031216e-02
   1.550160e-02
   2.619125e-02
   6.631546e-03
  -3.292091e-03
   1.819286e-06
  -5.957579e-03
   7.013149e-04
   7.170592e-03
  -8.145223e-03
  -1.235279e-02
  -6.955099e-03
  -7.611502e-03
   3.595149e-02
   3.655397e-02
   1.284146e-02
  -1.277562e-02
  -2.218241e-03
  -1.066477e-02
  -2.095407e-02
  -1.991376e-02
  -1.160513e-02
  -1.476760e-02
  -3.050135e-02
  -3.768456e-02
  -4.223372e-02
  -2.574716e-02
  -1.633632e-02
  -1.973102e-02
  -7.316008e-04
  -2.979850e-02
   1.413702e-02
  -6.680561e-03
   1.550160e-02
   2.084643e-02
   1.373899e-02
  -3.157308e-03
  -2.802253e-02
  -1.585778e-03
   5.394483e-03
   1.230412e-02
  -2.874887e-02
  -1.118261e-02
  -4.503174e-04
   6.762486e-03
  -1.049928e-02
  -3.936620e-02
  -9.693144e-03
  -1.840662e-02
   1.556370e-02
  -2.317908e-02
  -2.027915e-02
  -2.481548e-02
  -1.736876e-02
  -1.558979e-02
  -4.206739e-02
   7.771853e-03
  -1.880936e-02
  -2.388314e-02
  -9.839043e-03
   6.208043e-03
  -3.132392e-03
  -3.333175e-03
  -3.664220e-03
  -2.179650e-02
   1.550160e-02
   1.817402e-02
   1.228647e-02
   4.946404e-03
  -6.944199e-03
   2.243530e-03
  -6.359541e-03
  -9.767106e-03
   5.757870e-03
  -3.178454e-03
   8.084284e-03
  -5.809722e-02
  -2.556624e-02
  -1.959122e-02
   6.158789e-03
   1.759410e-03
  -3.621706e-02
  -2.533548e-02
   1.059040e-02
  -8.095309e-03
  -1.006084e-02
  -5.460031e-04
  -2.130670e-02
  -1.183369e-02
  -2.196622e-02
  -4.113699e-02
  -1.951746e-02
  -1.195007e-02
  -1.816746e-02
   7.494005e-03
   1.914893e-03
  -9.940805e-03
