2.569400e-09
2.859080e-09
3.162865e-09
3.474480e-09
3.790525e-09
4.108273e-09
4.425009e-09
4.425009e-09
4.737817e-09
5.043535e-09
5.338767e-09
5.619915e-09
5.883203e-09
6.124717e-09
6.340460e-09
6.526452e-09
6.678875e-09
6.794261e-09
6.869699e-09
6.903044e-09
6.893101e-09
6.839743e-09
6.743966e-09
6.743966e-09
6.607856e-09
6.434482e-09
6.227718e-09
5.992027e-09
5.732226e-09
5.453250e-09
5.159945e-09
4.856894e-09
2.866440e-09
3.220501e-09
3.581783e-09
3.946869e-09
4.314604e-09
4.683342e-09
5.050695e-09
5.050695e-09
5.413652e-09
5.768737e-09
6.112115e-09
6.439681e-09
6.747085e-09
7.029764e-09
7.282988e-09
7.501968e-09
7.682033e-09
7.818873e-09
7.908818e-09
7.949120e-09
7.938208e-09
7.875850e-09
7.763231e-09
7.763231e-09
7.602912e-09
7.398678e-09
7.155306e-09
6.878281e-09
6.573485e-09
6.246897e-09
5.904337e-09
5.551245e-09
3.182436e-09
3.594797e-09
4.013899e-09
4.435701e-09
4.859673e-09
5.284641e-09
5.708311e-09
5.708311e-09
6.127467e-09
6.538235e-09
6.936290e-09
7.316974e-09
7.675320e-09
8.006030e-09
8.303495e-09
8.561898e-09
8.775433e-09
8.938633e-09
9.046757e-09
9.096191e-09
9.084801e-09
9.012180e-09
8.879746e-09
8.879746e-09
8.690690e-09
8.449765e-09
8.162965e-09
7.837131e-09
7.479538e-09
7.097509e-09
6.698077e-09
6.287730e-09
3.511636e-09
3.979319e-09
4.456287e-09
4.937150e-09
5.421242e-09
5.907372e-09
6.393044e-09
6.393044e-09
6.874626e-09
7.347696e-09
7.807352e-09
8.248360e-09
8.665124e-09
9.051560e-09
9.401026e-09
9.706409e-09
9.960405e-09
1.015597e-08
1.028686e-08
1.034824e-08
1.033715e-08
1.025290e-08
1.009721e-08
1.009721e-08
9.874112e-09
9.589659e-09
9.251471e-09
8.868180e-09
8.448872e-09
8.002570e-09
7.537820e-09
7.062364e-09
3.850972e-09
4.373490e-09
4.909378e-09
5.452053e-09
6.000507e-09
6.553269e-09
7.107368e-09
7.107368e-09
7.658481e-09
8.201408e-09
8.730546e-09
9.240111e-09
9.723961e-09
1.017523e-08
1.058610e-08
1.094783e-08
1.125111e-08
1.148673e-08
1.164638e-08
1.172344e-08
1.171379e-08
1.161632e-08
1.143310e-08
1.143310e-08
1.116933e-08
1.083283e-08
1.043339e-08
9.982027e-09
9.490168e-09
8.968999e-09
8.428925e-09
7.879191e-09
4.197747e-09
4.775922e-09
5.372669e-09
5.980545e-09
6.598267e-09
7.223979e-09
7.853981e-09
7.853981e-09
8.482890e-09
9.104347e-09
9.711871e-09
1.029927e-08
1.086014e-08
1.138699e-08
1.187069e-08
1.230041e-08
1.266419e-08
1.294984e-08
1.314609e-08
1.324385e-08
1.323729e-08
1.312466e-08
1.290856e-08
1.290856e-08
1.259573e-08
1.219644e-08
1.172345e-08
1.119089e-08
1.061327e-08
1.000449e-08
9.377236e-09
8.742525e-09
4.548834e-09
5.183978e-09
5.843994e-09
6.520958e-09
7.213536e-09
7.919509e-09
8.634202e-09
8.634202e-09
9.350608e-09
1.006051e-08
1.075620e-08
1.143152e-08
1.208049e-08
1.269541e-08
1.326574e-08
1.377799e-08
1.421659e-08
1.456518e-08
1.480836e-08
1.493350e-08
1.493237e-08
1.480224e-08
1.454644e-08
1.454644e-08
1.417393e-08
1.369832e-08
1.313638e-08
1.250649e-08
1.182707e-08
1.111547e-08
1.038714e-08
9.655141e-09
4.548834e-09
5.183978e-09
5.843994e-09
6.520958e-09
7.213536e-09
7.919509e-09
8.634202e-09
8.634202e-09
9.350608e-09
1.006051e-08
1.075620e-08
1.143152e-08
1.208049e-08
1.269541e-08
1.326574e-08
1.377799e-08
1.421659e-08
1.456518e-08
1.480836e-08
1.493350e-08
1.493237e-08
1.480224e-08
1.454644e-08
1.454644e-08
1.417393e-08
1.369832e-08
1.313638e-08
1.250649e-08
1.182707e-08
1.111547e-08
1.038714e-08
9.655141e-09
4.900332e-09
5.593671e-09
6.319367e-09
7.069471e-09
7.843000e-09
8.637588e-09
9.447377e-09
9.447377e-09
1.026286e-08
1.107255e-08
1.186667e-08
1.264019e-08
1.338916e-08
1.410649e-08
1.478010e-08
1.539302e-08
1.592468e-08
1.635297e-08
1.665668e-08
1.681815e-08
1.682567e-08
1.667519e-08
1.637103e-08
1.637103e-08
1.592528e-08
1.535625e-08
1.468623e-08
1.393919e-08
1.313868e-08
1.230633e-08
1.146086e-08
1.061763e-08
5.247417e-09
5.999605e-09
6.792851e-09
7.619769e-09
8.480395e-09
9.372811e-09
1.029004e-08
1.029004e-08
1.121885e-08
1.214161e-08
1.304394e-08
1.392499e-08
1.478608e-08
1.562210e-08
1.641913e-08
1.715536e-08
1.780338e-08
1.833309e-08
1.871516e-08
1.892482e-08
1.894542e-08
1.877102e-08
1.840740e-08
1.840740e-08
1.787115e-08
1.718718e-08
1.638536e-08
1.549711e-08
1.455256e-08
1.357859e-08
1.259774e-08
1.162785e-08
5.584356e-09
6.394994e-09
7.256449e-09
8.162609e-09
9.115544e-09
1.011505e-08
1.115399e-08
1.115399e-08
1.221438e-08
1.326684e-08
1.428444e-08
1.527931e-08
1.626432e-08
1.723774e-08
1.818272e-08
1.907058e-08
1.986453e-08
2.052358e-08
2.100719e-08
2.128064e-08
2.132025e-08
2.111742e-08
2.068013e-08
2.068013e-08
2.003145e-08
1.920563e-08
1.824290e-08
1.718459e-08
1.606916e-08
1.492983e-08
1.379343e-08
1.268031e-08
5.904697e-09
6.771866e-09
7.700193e-09
8.685524e-09
9.733186e-09
1.084681e-08
1.202205e-08
1.202205e-08
1.323761e-08
1.444404e-08
1.557569e-08
1.668508e-08
1.780602e-08
1.893943e-08
2.006266e-08
2.113731e-08
2.211416e-08
2.293785e-08
2.355267e-08
2.391006e-08
2.397644e-08
2.373946e-08
2.321040e-08
2.321040e-08
2.242173e-08
2.142084e-08
2.026214e-08
1.899991e-08
1.768305e-08
1.635216e-08
1.503869e-08
1.376530e-08
6.201673e-09
7.121599e-09
8.112763e-09
9.173251e-09
1.031244e-08
1.154001e-08
1.285977e-08
1.285977e-08
1.425645e-08
1.565952e-08
1.688307e-08
1.810322e-08
1.937725e-08
2.070050e-08
2.203966e-08
2.334375e-08
2.454839e-08
2.558005e-08
2.636303e-08
2.682977e-08
2.693274e-08
2.665436e-08
2.601084e-08
2.601084e-08
2.504819e-08
2.383223e-08
2.243651e-08
2.093202e-08
1.938030e-08
1.783031e-08
1.631809e-08
1.486804e-08
6.468805e-09
7.435849e-09
8.482924e-09
9.609826e-09
1.082914e-08
1.215599e-08
1.360484e-08
1.360484e-08
1.518298e-08
1.684672e-08
1.811362e-08
1.946172e-08
2.092583e-08
2.248079e-08
2.408103e-08
2.566346e-08
2.714741e-08
2.843770e-08
2.943290e-08
3.003977e-08
3.019131e-08
2.986254e-08
2.907694e-08
2.907694e-08
2.789987e-08
2.642261e-08
2.474408e-08
2.295621e-08
2.113540e-08
1.933950e-08
1.760860e-08
1.596783e-08
6.700531e-09
7.707653e-09
8.801628e-09
9.982787e-09
1.126426e-08
1.266032e-08
1.418015e-08
1.418015e-08
1.581455e-08
1.749967e-08
1.905648e-08
2.066734e-08
2.239380e-08
2.423133e-08
2.613965e-08
2.805020e-08
2.986722e-08
3.147084e-08
3.272743e-08
3.350961e-08
3.372346e-08
3.333367e-08
3.237418e-08
3.237418e-08
3.093741e-08
2.914901e-08
2.714048e-08
2.502913e-08
2.290789e-08
2.084334e-08
1.887847e-08
1.703755e-08
6.892618e-09
7.932140e-09
9.063498e-09
1.028692e-08
1.161507e-08
1.306061e-08
1.462971e-08
1.462971e-08
1.631308e-08
1.807448e-08
1.986196e-08
2.174070e-08
2.375353e-08
2.590252e-08
2.815249e-08
3.043153e-08
3.262917e-08
3.459791e-08
3.616494e-08
3.715882e-08
3.744938e-08
3.698713e-08
3.582053e-08
3.582053e-08
3.407864e-08
3.193172e-08
2.955135e-08
2.708393e-08
2.463964e-08
2.229258e-08
2.008676e-08
1.804371e-08
7.042150e-09
8.106317e-09
9.265961e-09
1.052126e-08
1.188491e-08
1.336979e-08
1.498405e-08
1.498405e-08
1.672720e-08
1.858927e-08
2.056364e-08
2.268167e-08
2.497062e-08
2.743243e-08
3.003442e-08
3.270165e-08
3.530936e-08
3.768047e-08
3.959699e-08
4.083355e-08
4.121352e-08
4.066869e-08
3.926668e-08
3.926668e-08
3.718356e-08
3.464420e-08
3.186637e-08
2.902747e-08
2.625397e-08
2.362538e-08
2.118434e-08
1.894759e-08
7.147279e-09
8.228437e-09
9.407740e-09
1.068566e-08
1.207569e-08
1.359248e-08
1.524848e-08
1.524848e-08
1.705277e-08
1.901258e-08
2.113992e-08
2.345944e-08
2.599259e-08
2.874166e-08
3.167622e-08
3.471936e-08
3.773377e-08
4.051359e-08
4.279322e-08
4.428688e-08
4.476314e-08
4.413086e-08
4.248106e-08
4.248106e-08
4.004515e-08
3.710908e-08
3.393905e-08
3.074225e-08
2.765874e-08
2.477053e-08
2.211669e-08
1.970768e-08
7.206961e-09
8.297507e-09
9.487973e-09
1.077940e-08
1.218646e-08
1.372613e-08
1.541520e-08
1.541520e-08
1.727028e-08
1.930912e-08
2.155320e-08
2.402828e-08
2.675566e-08
2.973970e-08
3.295281e-08
3.631773e-08
3.968799e-08
4.283354e-08
4.544540e-08
4.717905e-08
4.774688e-08
4.703326e-08
4.515414e-08
4.515414e-08
4.239756e-08
3.910874e-08
3.559779e-08
3.209665e-08
2.875481e-08
2.565423e-08
2.282915e-08
2.028353e-08
7.220835e-09
8.313125e-09
9.506091e-09
1.080138e-08
1.221480e-08
1.376531e-08
1.547307e-08
1.547307e-08
1.735961e-08
1.944877e-08
2.176722e-08
2.434288e-08
2.719836e-08
3.034008e-08
3.374292e-08
3.733015e-08
4.095009e-08
4.435669e-08
4.721019e-08
4.912180e-08
4.975939e-08
4.898705e-08
4.694136e-08
4.694136e-08
4.395524e-08
4.041850e-08
3.667234e-08
3.296489e-08
2.945070e-08
2.621043e-08
2.327412e-08
2.064075e-08
7.189224e-09
8.275569e-09
9.462120e-09
1.075098e-08
1.215866e-08
1.370535e-08
1.541313e-08
1.541313e-08
1.730610e-08
1.941084e-08
2.175606e-08
2.437029e-08
2.727606e-08
3.047982e-08
3.395676e-08
3.763010e-08
4.134629e-08
4.485369e-08
4.780134e-08
4.978380e-08
5.045154e-08
4.966042e-08
4.755549e-08
4.755549e-08
4.448730e-08
4.086251e-08
3.703365e-08
3.325437e-08
2.968078e-08
2.639284e-08
2.341892e-08
2.075612e-08
7.113204e-09
8.185969e-09
9.357091e-09
1.062881e-08
1.201780e-08
1.354451e-08
1.523146e-08
1.523146e-08
1.710322e-08
1.918647e-08
2.150917e-08
2.409794e-08
2.697253e-08
3.013631e-08
3.356179e-08
3.717074e-08
4.081065e-08
4.423519e-08
4.710454e-08
4.903005e-08
4.967976e-08
4.891796e-08
4.688143e-08
4.688143e-08
4.390325e-08
4.037339e-08
3.663321e-08
3.293094e-08
2.942125e-08
2.618489e-08
2.325197e-08
2.062154e-08
6.994663e-09
8.046458e-09
9.193328e-09
1.043732e-08
1.179460e-08
1.328500e-08
1.493018e-08
1.493018e-08
1.675343e-08
1.877944e-08
2.103308e-08
2.353667e-08
2.630458e-08
2.933442e-08
3.259376e-08
3.600244e-08
3.941260e-08
4.259375e-08
4.523697e-08
4.699803e-08
4.758974e-08
4.689687e-08
4.503577e-08
4.503577e-08
4.229483e-08
3.901959e-08
3.552042e-08
3.202951e-08
2.869655e-08
2.560368e-08
2.278530e-08
2.024550e-08
6.994663e-09
8.046458e-09
9.193328e-09
1.043732e-08
1.179460e-08
1.328500e-08
1.493018e-08
1.493018e-08
1.675343e-08
1.877944e-08
2.103308e-08
2.353667e-08
2.630458e-08
2.933442e-08
3.259376e-08
3.600244e-08
3.941260e-08
4.259375e-08
4.523697e-08
4.699803e-08
4.758974e-08
4.689687e-08
4.503577e-08
4.503577e-08
4.229483e-08
3.901959e-08
3.552042e-08
3.202951e-08
2.869655e-08
2.560368e-08
2.278530e-08
2.024550e-08
6.836322e-09
7.860222e-09
8.974562e-09
1.018085e-08
1.149423e-08
1.293311e-08
1.451728e-08
1.451728e-08
1.626750e-08
1.820494e-08
2.034981e-08
2.271852e-08
2.531852e-08
2.814039e-08
3.114635e-08
3.425567e-08
3.732958e-08
4.016199e-08
4.248768e-08
4.402148e-08
4.453265e-08
4.393069e-08
4.230722e-08
4.230722e-08
3.989418e-08
3.697798e-08
3.382520e-08
3.064340e-08
2.757291e-08
2.469603e-08
2.205202e-08
1.965157e-08
6.641670e-09
7.631440e-09
8.705838e-09
9.865591e-09
1.112436e-08
1.249863e-08
1.400562e-08
1.400562e-08
1.566276e-08
1.748692e-08
1.949288e-08
2.169055e-08
2.408028e-08
2.664603e-08
2.934602e-08
3.210169e-08
3.478750e-08
3.722689e-08
3.920281e-08
4.049097e-08
4.091577e-08
4.040986e-08
3.904167e-08
3.904167e-08
3.698796e-08
3.447418e-08
3.171860e-08
2.889905e-08
2.614239e-08
2.352845e-08
2.110016e-08
1.887450e-08
6.414847e-09
7.365112e-09
8.393284e-09
9.499138e-09
1.069461e-08
1.199391e-08
1.341139e-08
1.341139e-08
1.496082e-08
1.665457e-08
1.850202e-08
2.050694e-08
2.266351e-08
2.495063e-08
2.732490e-08
2.971284e-08
3.200494e-08
3.405541e-08
3.569317e-08
3.674836e-08
3.709216e-08
3.667619e-08
3.554985e-08
3.554985e-08
3.384303e-08
3.172666e-08
2.937291e-08
2.692870e-08
2.450462e-08
2.217518e-08
1.998472e-08
1.795505e-08
6.160463e-09
7.066828e-09
8.043767e-09
9.090045e-09
1.021576e-08
1.143276e-08
1.275247e-08
1.275247e-08
1.418512e-08
1.573883e-08
1.741815e-08
1.922178e-08
2.113920e-08
2.314638e-08
2.520070e-08
2.723605e-08
2.915991e-08
3.085540e-08
3.219133e-08
3.304231e-08
3.331597e-08
3.297830e-08
3.206427e-08
3.206427e-08
3.066719e-08
2.891346e-08
2.693521e-08
2.485031e-08
2.275218e-08
2.070780e-08
1.876054e-08
1.693499e-08
5.883395e-09
6.742490e-09
7.664524e-09
8.647275e-09
9.699036e-09
1.082936e-08
1.204695e-08
1.204695e-08
1.335882e-08
1.476945e-08
1.627949e-08
1.788380e-08
1.956891e-08
2.130984e-08
2.306669e-08
2.478190e-08
2.637936e-08
2.776739e-08
2.884728e-08
2.952785e-08
2.974373e-08
2.947125e-08
2.873494e-08
2.873494e-08
2.760106e-08
2.616165e-08
2.451628e-08
2.275745e-08
2.096208e-08
1.918844e-08
1.747701e-08
1.585327e-08
5.588584e-09
6.398047e-09
7.262792e-09
8.179708e-09
9.155403e-09
1.019736e-08
1.131186e-08
1.131186e-08
1.250322e-08
1.377303e-08
1.511900e-08
1.653349e-08
1.800160e-08
1.949895e-08
2.098962e-08
2.242481e-08
2.374314e-08
2.487381e-08
2.574336e-08
2.628603e-08
2.645575e-08
2.623610e-08
2.564429e-08
2.564429e-08
2.472716e-08
2.355125e-08
2.219076e-08
2.071723e-08
1.919269e-08
1.766656e-08
1.617526e-08
1.474355e-08
5.280837e-09
6.039249e-09
6.845498e-09
7.695733e-09
8.595067e-09
9.549182e-09
1.056236e-08
1.056236e-08
1.163679e-08
1.277185e-08
1.396333e-08
1.520218e-08
1.647327e-08
1.775389e-08
1.901265e-08
2.020901e-08
2.129419e-08
2.221401e-08
2.291413e-08
2.334719e-08
2.348070e-08
2.330325e-08
2.282695e-08
2.282695e-08
2.208499e-08
2.112539e-08
2.000318e-08
1.877313e-08
1.748462e-08
1.617869e-08
1.488716e-08
1.363305e-08
4.964672e-09
5.671445e-09
6.419004e-09
7.202934e-09
8.027081e-09
8.895638e-09
9.811302e-09
9.811302e-09
1.077464e-08
1.178357e-08
1.283267e-08
1.391243e-08
1.500828e-08
1.609980e-08
1.716015e-08
1.815617e-08
1.904943e-08
1.979871e-08
2.036381e-08
2.071058e-08
2.081596e-08
2.067199e-08
2.028725e-08
2.028725e-08
1.968541e-08
1.890123e-08
1.797546e-08
1.694989e-08
1.586342e-08
1.474966e-08
1.363581e-08
1.254255e-08
6.630174e-09
7.388782e-09
8.194273e-09
9.032925e-09
9.898313e-09
1.078547e-08
1.168898e-08
1.168898e-08
1.260219e-08
1.351691e-08
1.442324e-08
1.530962e-08
1.616295e-08
1.696891e-08
1.771228e-08
1.837759e-08
1.894970e-08
1.941457e-08
1.976006e-08
1.997667e-08
2.005812e-08
2.000189e-08
1.980935e-08
1.980935e-08
1.948573e-08
1.903978e-08
1.848314e-08
1.782964e-08
1.709447e-08
1.629336e-08
1.544185e-08
1.455472e-08
7.385629e-09
8.309141e-09
9.263030e-09
1.024155e-08
1.124469e-08
1.227090e-08
1.331621e-08
1.331621e-08
1.437419e-08
1.543608e-08
1.649078e-08
1.752499e-08
1.852339e-08
1.946896e-08
2.034348e-08
2.112819e-08
2.180459e-08
2.235537e-08
2.276547e-08
2.302299e-08
2.312007e-08
2.305348e-08
2.282492e-08
2.282492e-08
2.244092e-08
2.191241e-08
2.125390e-08
2.048252e-08
1.961694e-08
1.867629e-08
1.767929e-08
1.664352e-08
8.185914e-09
9.257540e-09
1.035939e-08
1.148485e-08
1.263634e-08
1.381439e-08
1.501619e-08
1.501619e-08
1.623554e-08
1.746312e-08
1.868657e-08
1.989064e-08
2.105739e-08
2.216661e-08
2.319628e-08
2.412346e-08
2.492525e-08
2.558003e-08
2.606878e-08
2.637635e-08
2.649264e-08
2.641345e-08
2.614089e-08
2.614089e-08
2.568329e-08
2.505458e-08
2.427320e-08
2.336071e-08
2.234036e-08
2.123571e-08
2.006944e-08
1.886253e-08
9.017061e-09
1.022794e-08
1.147638e-08
1.275316e-08
1.406135e-08
1.540265e-08
1.677502e-08
1.677502e-08
1.817241e-08
1.958492e-08
2.099885e-08
2.239679e-08
2.375781e-08
2.505781e-08
2.627016e-08
2.736663e-08
2.831867e-08
2.909898e-08
2.968325e-08
3.005191e-08
3.019181e-08
3.009735e-08
2.977118e-08
2.977118e-08
2.922406e-08
2.847404e-08
2.754487e-08
2.646405e-08
2.526084e-08
2.396438e-08
2.260232e-08
2.119970e-08
9.872418e-09
1.122004e-08
1.261608e-08
1.404915e-08
1.552265e-08
1.703916e-08
1.859728e-08
1.859728e-08
2.019114e-08
2.181028e-08
2.343961e-08
2.505940e-08
2.664526e-08
2.816856e-08
2.959697e-08
3.089566e-08
3.202879e-08
3.296159e-08
3.366269e-08
3.410657e-08
3.427578e-08
3.416277e-08
3.377081e-08
3.377081e-08
3.311398e-08
3.221600e-08
3.110788e-08
2.982509e-08
2.840473e-08
2.688308e-08
2.529383e-08
2.366685e-08
1.074682e-08
1.223206e-08
1.377873e-08
1.537414e-08
1.702235e-08
1.872695e-08
2.048737e-08
2.048737e-08
2.229808e-08
2.414827e-08
2.602155e-08
2.789570e-08
2.974255e-08
3.152810e-08
3.321319e-08
3.475465e-08
3.610733e-08
3.722666e-08
3.807180e-08
3.860909e-08
3.881518e-08
3.867959e-08
3.820630e-08
3.820630e-08
3.741391e-08
3.633399e-08
3.500763e-08
3.348105e-08
3.180161e-08
3.001459e-08
2.816102e-08
2.627637e-08
1.163468e-08
1.325981e-08
1.496123e-08
1.672575e-08
1.855863e-08
2.046492e-08
2.244530e-08
2.244530e-08
2.449501e-08
2.660325e-08
2.875261e-08
3.091846e-08
3.306850e-08
3.516264e-08
3.715345e-08
3.898748e-08
4.060761e-08
4.195637e-08
4.298031e-08
4.363462e-08
4.388766e-08
4.372469e-08
4.315025e-08
4.315025e-08
4.218899e-08
4.088367e-08
3.928948e-08
3.746726e-08
3.547776e-08
3.337748e-08
3.121618e-08
2.903570e-08
1.163468e-08
1.325981e-08
1.496123e-08
1.672575e-08
1.855863e-08
2.046492e-08
2.244530e-08
2.244530e-08
2.449501e-08
2.660325e-08
2.875261e-08
3.091846e-08
3.306850e-08
3.516264e-08
3.715345e-08
3.898748e-08
4.060761e-08
4.195637e-08
4.298031e-08
4.363462e-08
4.388766e-08
4.372469e-08
4.315025e-08
4.315025e-08
4.218899e-08
4.088367e-08
3.928948e-08
3.746726e-08
3.547776e-08
3.337748e-08
3.121618e-08
2.903570e-08
1.252926e-08
1.429672e-08
1.615718e-08
1.809765e-08
2.012521e-08
2.224701e-08
2.446564e-08
2.446564e-08
2.677776e-08
2.917323e-08
3.163415e-08
3.413378e-08
3.663562e-08
3.909276e-08
4.144806e-08
4.363537e-08
4.558227e-08
4.721444e-08
4.846146e-08
4.926336e-08
4.957697e-08
4.938110e-08
4.868034e-08
4.868034e-08
4.750718e-08
4.592061e-08
4.399606e-08
4.181430e-08
3.945335e-08
3.698346e-08
3.446456e-08
3.194532e-08
1.342229e-08
1.533394e-08
1.735713e-08
1.947970e-08
2.171132e-08
2.406197e-08
2.653699e-08
2.653699e-08
2.913539e-08
3.184866e-08
3.465929e-08
3.753913e-08
4.044770e-08
4.333082e-08
4.612012e-08
4.873398e-08
5.108059e-08
5.306355e-08
5.458973e-08
5.557858e-08
5.597106e-08
5.573654e-08
5.487790e-08
5.487790e-08
5.343682e-08
5.149708e-08
4.916371e-08
4.654451e-08
4.373937e-08
4.083486e-08
3.790221e-08
3.499717e-08
1.430393e-08
1.636038e-08
1.854867e-08
2.085812e-08
2.330169e-08
2.589308e-08
2.864142e-08
2.864142e-08
3.154927e-08
3.461105e-08
3.781100e-08
4.112074e-08
4.449658e-08
4.787699e-08
5.118105e-08
5.430858e-08
5.714340e-08
5.956022e-08
6.143556e-08
6.266114e-08
6.315664e-08
6.287836e-08
6.182366e-08
6.182366e-08
6.004098e-08
5.765545e-08
5.481613e-08
5.166654e-08
4.833311e-08
4.492100e-08
4.151338e-08
3.817268e-08
1.516277e-08
1.736290e-08
1.971668e-08
2.221555e-08
2.487651e-08
2.771795e-08
3.075396e-08
3.075396e-08
3.399210e-08
3.743140e-08
4.105972e-08
4.485027e-08
4.875764e-08
5.271361e-08
5.662378e-08
6.036629e-08
6.379456e-08
6.674570e-08
6.905553e-08
7.057840e-08
7.120664e-08
7.088118e-08
6.958820e-08
6.958820e-08
6.736475e-08
6.441554e-08
6.095386e-08
5.716719e-08
5.321210e-08
4.921373e-08
4.526719e-08
4.144047e-08
1.598600e-08
1.832645e-08
2.084351e-08
2.353130e-08
2.641160e-08
2.950845e-08
3.284217e-08
3.284217e-08
3.642698e-08
4.026855e-08
4.436071e-08
4.868086e-08
5.318428e-08
5.779772e-08
6.241328e-08
6.688453e-08
7.102772e-08
7.463128e-08
7.747602e-08
7.936509e-08
8.015609e-08
7.977858e-08
7.821062e-08
7.821062e-08
7.540790e-08
7.175273e-08
6.753915e-08
6.300096e-08
5.832664e-08
5.366221e-08
4.911407e-08
4.475403e-08
1.675969e-08
1.923448e-08
2.190939e-08
2.478175e-08
2.787872e-08
3.123090e-08
3.486613e-08
3.486613e-08
3.880695e-08
4.306793e-08
4.765168e-08
5.254309e-08
5.770162e-08
6.305195e-08
6.847407e-08
7.379515e-08
7.878728e-08
8.317671e-08
8.666968e-08
8.899626e-08
8.996411e-08
8.950073e-08
8.762992e-08
8.762992e-08
8.406597e-08
7.956700e-08
7.447918e-08
6.907939e-08
6.359243e-08
5.818769e-08
5.298237e-08
4.804973e-08
1.746921e-08
2.006941e-08
2.289304e-08
2.594099e-08
2.924630e-08
3.284682e-08
3.677895e-08
3.677895e-08
4.107515e-08
4.576112e-08
5.085123e-08
5.634165e-08
6.220043e-08
6.835471e-08
7.467570e-08
8.096429e-08
8.694266e-08
9.226044e-08
9.652484e-08
9.935980e-08
1.004838e-07
9.977343e-08
9.725974e-08
9.725974e-08
9.303748e-08
8.766822e-08
8.161958e-08
7.526416e-08
6.888450e-08
6.267932e-08
5.677589e-08
5.124563e-08
1.809980e-08
2.081330e-08
2.377243e-08
2.698184e-08
3.048060e-08
3.431417e-08
3.852821e-08
3.852821e-08
4.316625e-08
4.826694e-08
5.385914e-08
5.995407e-08
6.653330e-08
7.353211e-08
8.081842e-08
8.817004e-08
9.525680e-08
1.016398e-07
1.068039e-07
1.102353e-07
1.115369e-07
1.105384e-07
1.073371e-07
1.073371e-07
1.022597e-07
9.587889e-08
8.875896e-08
8.136341e-08
7.403236e-08
6.699133e-08
6.037305e-08
5.424205e-08
1.863719e-08
2.144867e-08
2.452587e-08
2.787713e-08
3.154732e-08
3.558941e-08
4.005839e-08
4.005839e-08
4.500930e-08
5.049468e-08
5.655967e-08
6.323348e-08
7.051558e-08
7.835537e-08
8.662452e-08
9.508420e-08
1.033546e-07
1.109027e-07
1.170732e-07
1.211867e-07
1.227046e-07
1.214044e-07
1.174622e-07
1.174622e-07
1.113847e-07
1.038683e-07
9.559379e-08
8.711240e-08
7.881417e-08
7.094292e-08
6.362923e-08
5.692461e-08
1.906834e-08
2.195942e-08
2.513318e-08
2.860124e-08
3.241367e-08
3.663022e-08
4.131449e-08
4.131449e-08
4.653240e-08
5.235000e-08
5.882883e-08
6.601712e-08
7.393472e-08
8.254958e-08
9.174387e-08
1.012708e-07
1.107092e-07
1.194361e-07
1.266504e-07
1.314894e-07
1.332506e-07
1.316479e-07
1.269397e-07
1.269397e-07
1.198111e-07
1.111279e-07
1.017032e-07
9.217147e-08
8.296174e-08
7.432583e-08
6.638442e-08
5.917113e-08
1.938217e-08
2.233180e-08
2.557695e-08
2.913185e-08
3.305071e-08
3.739869e-08
4.224642e-08
4.224642e-08
4.766881e-08
5.374337e-08
6.054594e-08
6.814191e-08
7.657052e-08
8.581904e-08
9.578389e-08
1.062182e-07
1.166722e-07
1.264486e-07
1.346147e-07
1.401311e-07
1.421279e-07
1.402495e-07
1.348351e-07
1.348351e-07
1.267435e-07
1.170134e-07
1.065824e-07
9.615421e-08
8.618423e-08
7.692340e-08
6.847806e-08
6.086275e-08
1.957027e-08
2.255528e-08
2.584377e-08
2.945164e-08
3.343575e-08
3.786476e-08
4.281388e-08
4.281388e-08
4.836399e-08
5.460031e-08
6.160845e-08
6.946589e-08
7.822597e-08
8.789081e-08
9.836933e-08
1.094184e-07
1.205732e-07
1.310878e-07
1.399370e-07
1.459487e-07
1.481209e-07
1.460397e-07
1.401087e-07
1.401087e-07
1.313231e-07
1.208527e-07
1.097247e-07
9.868815e-08
8.821157e-08
7.854112e-08
6.977023e-08
6.189847e-08
1.962741e-08
2.262331e-08
2.592525e-08
2.954969e-08
3.355437e-08
3.800915e-08
4.299079e-08
4.299079e-08
4.858224e-08
5.487137e-08
6.194726e-08
6.989168e-08
7.876309e-08
8.856920e-08
9.922385e-08
1.104861e-07
1.218866e-07
1.326631e-07
1.417571e-07
1.479472e-07
1.501801e-07
1.480188e-07
1.418937e-07
1.418937e-07
1.328536e-07
1.221174e-07
1.107442e-07
9.949770e-08
8.884945e-08
7.904254e-08
7.016493e-08
6.221041e-08
1.955193e-08
2.253380e-08
2.581868e-08
2.942245e-08
3.340186e-08
3.782550e-08
4.276845e-08
4.276845e-08
4.831148e-08
5.453966e-08
6.153843e-08
6.938510e-08
7.813281e-08
8.778347e-08
9.824581e-08
1.092766e-07
1.204110e-07
1.309035e-07
1.397295e-07
1.457187e-07
1.478712e-07
1.457761e-07
1.398402e-07
1.398402e-07
1.310596e-07
1.206031e-07
1.094949e-07
9.848096e-08
8.802759e-08
7.837935e-08
6.962891e-08
6.177552e-08
1.934586e-08
2.228928e-08
2.552731e-08
2.907409e-08
3.298368e-08
3.732107e-08
4.215664e-08
4.215664e-08
4.756507e-08
5.362359e-08
6.040771e-08
6.798246e-08
7.638669e-08
8.560723e-08
9.554011e-08
1.059381e-07
1.163515e-07
1.260833e-07
1.342022e-07
1.396716e-07
1.416267e-07
1.397185e-07
1.342930e-07
1.342930e-07
1.262127e-07
1.165125e-07
1.061233e-07
9.574218e-08
8.581951e-08
7.660345e-08
6.819894e-08
6.062009e-08
1.934586e-08
2.228928e-08
2.552731e-08
2.907409e-08
3.298368e-08
3.732107e-08
4.215664e-08
4.215664e-08
4.756507e-08
5.362359e-08
6.040771e-08
6.798246e-08
7.638669e-08
8.560723e-08
9.554011e-08
1.059381e-07
1.163515e-07
1.260833e-07
1.342022e-07
1.396716e-07
1.416267e-07
1.397185e-07
1.342930e-07
1.342930e-07
1.262127e-07
1.165125e-07
1.061233e-07
9.574218e-08
8.581951e-08
7.660345e-08
6.819894e-08
6.062009e-08
1.901479e-08
2.189674e-08
2.506002e-08
2.851614e-08
3.231498e-08
3.651599e-08
4.118245e-08
4.118245e-08
4.637993e-08
5.217407e-08
5.862593e-08
6.578321e-08
7.366515e-08
8.223905e-08
9.138637e-08
1.008596e-07
1.102374e-07
1.188969e-07
1.260384e-07
1.308030e-07
1.324956e-07
1.308417e-07
1.261138e-07
1.261138e-07
1.190050e-07
1.103733e-07
1.010174e-07
9.156020e-08
8.242348e-08
7.385525e-08
6.597471e-08
5.881530e-08
1.856747e-08
2.136708e-08
2.443070e-08
2.776651e-08
3.141912e-08
3.544114e-08
3.988715e-08
3.988715e-08
4.481175e-08
5.026694e-08
5.629727e-08
6.293125e-08
7.016756e-08
7.795466e-08
8.616321e-08
9.455329e-08
1.027441e-07
1.102021e-07
1.162728e-07
1.202803e-07
1.216951e-07
1.203126e-07
1.163359e-07
1.163359e-07
1.102932e-07
1.028592e-07
9.468805e-08
8.631294e-08
7.811483e-08
7.033396e-08
6.310016e-08
5.646548e-08
1.801528e-08
2.071444e-08
2.365718e-08
2.684801e-08
3.032564e-08
3.413512e-08
3.832165e-08
3.832165e-08
4.292824e-08
4.799291e-08
5.354384e-08
5.959140e-08
6.611621e-08
7.305239e-08
8.026651e-08
8.753479e-08
9.452529e-08
1.007974e-07
1.058349e-07
1.091257e-07
1.102808e-07
1.091529e-07
1.058882e-07
1.058882e-07
1.008745e-07
9.462330e-08
8.765021e-08
8.039561e-08
7.319144e-08
6.626167e-08
5.974004e-08
5.369278e-08
1.737151e-08
1.995521e-08
2.276001e-08
2.578666e-08
2.906780e-08
3.264084e-08
3.654166e-08
3.654166e-08
4.080214e-08
4.544730e-08
5.049078e-08
5.592782e-08
6.172540e-08
6.780936e-08
7.404931e-08
8.024416e-08
8.611361e-08
9.130426e-08
9.542005e-08
9.808245e-08
9.901224e-08
9.810545e-08
9.546518e-08
9.546518e-08
9.136983e-08
8.619731e-08
8.034323e-08
7.416074e-08
6.793008e-08
6.185243e-08
5.605836e-08
5.062232e-08
1.665064e-08
1.910712e-08
2.176118e-08
2.460998e-08
2.768031e-08
3.100229e-08
3.460320e-08
3.460320e-08
3.850498e-08
4.272153e-08
4.725467e-08
5.208837e-08
5.718100e-08
6.245592e-08
6.779147e-08
7.301270e-08
7.788899e-08
8.214303e-08
8.547647e-08
8.761382e-08
8.835702e-08
8.763336e-08
8.551487e-08
8.551487e-08
8.219897e-08
7.796066e-08
7.309788e-08
6.788772e-08
6.256071e-08
5.729183e-08
5.220284e-08
4.737058e-08
1.586759e-08
1.818827e-08
2.068288e-08
2.334539e-08
2.619717e-08
2.926179e-08
3.255902e-08
3.255902e-08
3.610248e-08
3.989717e-08
4.393618e-08
4.819604e-08
5.263102e-08
5.716667e-08
6.169359e-08
6.606355e-08
7.009050e-08
7.356011e-08
7.625015e-08
7.796158e-08
7.855453e-08
7.797824e-08
7.628293e-08
7.628293e-08
7.360797e-08
7.015198e-08
6.613688e-08
6.177678e-08
5.725762e-08
5.272764e-08
4.829627e-08
4.403812e-08
1.503710e-08
1.721637e-08
1.954655e-08
2.201893e-08
2.465010e-08
2.745799e-08
3.045616e-08
3.045616e-08
3.365161e-08
3.704276e-08
4.061678e-08
4.434614e-08
4.818457e-08
5.206288e-08
5.588557e-08
5.952950e-08
6.284673e-08
6.567313e-08
6.784404e-08
6.921591e-08
6.968979e-08
6.923014e-08
6.787208e-08
6.787208e-08
6.571415e-08
6.289956e-08
5.959270e-08
5.595750e-08
5.214181e-08
4.826873e-08
4.443379e-08
4.070627e-08
1.417311e-08
1.620801e-08
1.837199e-08
2.065424e-08
2.306734e-08
2.562455e-08
2.833451e-08
2.833451e-08
3.119927e-08
3.421270e-08
3.735848e-08
4.060762e-08
4.391579e-08
4.722082e-08
5.044109e-08
5.347585e-08
5.620851e-08
5.851402e-08
6.027045e-08
6.137398e-08
6.175424e-08
6.138617e-08
6.029448e-08
6.029448e-08
5.854923e-08
5.625396e-08
5.353035e-08
5.050330e-08
4.728930e-08
4.398906e-08
4.068419e-08
3.743692e-08
3.375245e-09
3.757767e-09
4.161663e-09
4.579669e-09
5.008292e-09
5.444849e-09
5.886508e-09
5.886508e-09
6.329902e-09
6.770972e-09
7.204913e-09
7.626189e-09
8.028607e-09
8.405455e-09
8.749694e-09
9.054229e-09
9.312212e-09
9.517401e-09
9.664507e-09
9.749535e-09
9.770046e-09
9.725339e-09
9.616508e-09
9.616508e-09
9.446373e-09
9.219304e-09
8.940942e-09
8.617860e-09
8.257196e-09
7.866304e-09
7.452428e-09
7.022434e-09
3.763375e-09
4.229793e-09
4.708785e-09
5.197082e-09
5.694399e-09
6.199754e-09
6.711014e-09
6.711014e-09
7.224915e-09
7.737108e-09
8.242199e-09
8.733813e-09
9.204691e-09
9.646858e-09
1.005186e-08
1.041106e-08
1.071610e-08
1.095923e-08
1.113390e-08
1.123508e-08
1.125972e-08
1.120691e-08
1.107800e-08
1.107800e-08
1.087653e-08
1.060791e-08
1.027915e-08
9.898352e-09
9.474247e-09
9.015758e-09
8.531587e-09
8.029895e-09
4.176533e-09
4.718555e-09
5.272639e-09
5.834985e-09
6.406476e-09
6.987139e-09
7.575379e-09
7.575379e-09
8.168021e-09
8.760424e-09
9.346569e-09
9.919133e-09
1.046961e-08
1.098848e-08
1.146550e-08
1.189011e-08
1.225187e-08
1.254110e-08
1.274946e-08
1.287056e-08
1.290044e-08
1.283791e-08
1.268470e-08
1.268470e-08
1.244526e-08
1.212650e-08
1.173724e-08
1.128762e-08
1.078847e-08
1.025073e-08
9.684913e-09
9.100769e-09
4.607883e-09
5.221303e-09
5.850053e-09
6.488894e-09
7.138959e-09
7.800789e-09
8.473123e-09
8.473123e-09
9.152815e-09
9.834912e-09
1.051272e-08
1.117785e-08
1.182035e-08
1.242885e-08
1.299091e-08
1.349345e-08
1.392342e-08
1.426850e-08
1.451798e-08
1.466357e-08
1.470008e-08
1.462594e-08
1.444334e-08
1.444334e-08
1.415804e-08
1.377892e-08
1.331726e-08
1.278587e-08
1.219833e-08
1.156811e-08
1.090800e-08
1.022964e-08
5.054325e-09
5.738225e-09
6.442474e-09
7.160611e-09
7.893829e-09
8.643009e-09
9.407143e-09
9.407143e-09
1.018310e-08
1.096561e-08
1.174728e-08
1.251856e-08
1.326782e-08
1.398150e-08
1.464443e-08
1.524038e-08
1.575286e-08
1.616607e-08
1.646610e-08
1.664203e-08
1.668700e-08
1.659888e-08
1.638048e-08
1.638048e-08
1.603935e-08
1.558707e-08
1.503819e-08
1.440913e-08
1.371695e-08
1.297837e-08
1.220898e-08
1.142265e-08
5.513519e-09
6.268757e-09
7.050442e-09
7.851295e-09
8.672702e-09
9.515939e-09
1.038031e-08
1.038031e-08
1.126277e-08
1.215781e-08
1.305734e-08
1.395060e-08
1.482408e-08
1.566164e-08
1.644480e-08
1.715333e-08
1.776627e-08
1.826320e-08
1.862584e-08
1.883969e-08
1.889552e-08
1.879039e-08
1.852801e-08
1.852801e-08
1.811838e-08
1.757676e-08
1.692218e-08
1.617576e-08
1.535912e-08
1.449310e-08
1.359665e-08
1.268632e-08
5.982911e-09
6.811120e-09
7.672806e-09
8.560236e-09
9.475244e-09
1.041969e-08
1.139337e-08
1.139337e-08
1.239350e-08
1.341451e-08
1.444772e-08
1.548118e-08
1.649936e-08
1.748314e-08
1.841002e-08
1.925479e-08
1.999069e-08
2.059112e-08
2.103188e-08
2.129347e-08
2.136332e-08
2.123734e-08
2.092049e-08
2.092049e-08
2.042620e-08
1.977480e-08
1.899138e-08
1.810334e-08
1.713823e-08
1.612197e-08
1.507765e-08
1.402487e-08
5.982911e-09
6.811120e-09
7.672806e-09
8.560236e-09
9.475244e-09
1.041969e-08
1.139337e-08
1.139337e-08
1.239350e-08
1.341451e-08
1.444772e-08
1.548118e-08
1.649936e-08
1.748314e-08
1.841002e-08
1.925479e-08
1.999069e-08
2.059112e-08
2.103188e-08
2.129347e-08
2.136332e-08
2.123734e-08
2.092049e-08
2.092049e-08
2.042620e-08
1.977480e-08
1.899138e-08
1.810334e-08
1.713823e-08
1.612197e-08
1.507765e-08
1.402487e-08
6.459327e-09
7.362315e-09
8.306746e-09
9.284753e-09
1.029891e-08
1.135194e-08
1.244441e-08
1.244441e-08
1.357411e-08
1.473564e-08
1.592006e-08
1.711432e-08
1.830083e-08
1.945717e-08
2.055608e-08
2.156613e-08
2.245308e-08
2.318214e-08
2.372092e-08
2.404299e-08
2.413103e-08
2.397932e-08
2.359454e-08
2.359454e-08
2.299494e-08
2.220795e-08
2.126689e-08
2.020752e-08
1.906501e-08
1.787164e-08
1.665539e-08
1.543927e-08
6.938789e-09
7.918134e-09
8.947854e-09
1.002024e-08
1.113891e-08
1.230780e-08
1.352860e-08
1.352860e-08
1.480007e-08
1.611749e-08
1.747200e-08
1.884983e-08
2.023148e-08
2.159097e-08
2.289556e-08
2.410622e-08
2.517912e-08
2.606851e-08
2.673088e-08
2.712996e-08
2.724171e-08
2.705800e-08
2.658799e-08
2.658799e-08
2.585677e-08
2.490167e-08
2.376730e-08
2.250051e-08
2.114622e-08
1.974451e-08
1.832903e-08
1.692647e-08
7.416428e-09
8.473179e-09
9.590192e-09
1.076019e-08
1.198819e-08
1.327965e-08
1.463790e-08
1.463790e-08
1.606316e-08
1.755197e-08
1.909623e-08
2.068205e-08
2.228841e-08
2.388581e-08
2.543541e-08
2.688904e-08
2.819071e-08
2.928021e-08
3.009873e-08
3.059621e-08
3.073890e-08
3.051519e-08
2.993778e-08
2.993778e-08
2.904156e-08
2.787775e-08
2.650636e-08
2.498892e-08
2.338269e-08
2.173712e-08
2.009222e-08
1.847840e-08
7.886466e-09
9.020873e-09
1.022633e-08
1.149626e-08
1.283736e-08
1.425709e-08
1.576082e-08
1.576082e-08
1.735091e-08
1.902590e-08
2.077933e-08
2.259814e-08
2.446061e-08
2.633414e-08
2.817344e-08
2.991968e-08
3.150177e-08
3.284050e-08
3.385622e-08
3.447947e-08
3.466252e-08
3.438865e-08
3.367571e-08
3.367571e-08
3.257260e-08
3.115006e-08
2.948907e-08
2.767032e-08
2.576645e-08
2.383786e-08
2.193135e-08
2.008075e-08
8.342246e-09
9.553524e-09
1.084739e-08
1.221825e-08
1.367479e-08
1.522681e-08
1.688225e-08
1.688225e-08
1.864625e-08
2.052022e-08
2.250048e-08
2.457614e-08
2.672613e-08
2.891577e-08
3.109346e-08
3.318849e-08
3.511139e-08
3.675853e-08
3.802212e-08
3.880551e-08
3.904093e-08
3.870420e-08
3.782062e-08
3.782062e-08
3.645917e-08
3.471780e-08
3.270576e-08
3.052837e-08
2.827694e-08
2.602417e-08
2.382362e-08
2.171166e-08
8.776319e-09
1.006242e-08
1.144322e-08
1.291432e-08
1.448667e-08
1.617272e-08
1.798342e-08
1.798342e-08
1.992726e-08
2.200942e-08
2.423031e-08
2.658294e-08
2.904888e-08
3.159315e-08
3.415885e-08
3.666272e-08
3.899379e-08
4.101771e-08
4.258945e-08
4.357483e-08
4.387749e-08
4.346247e-08
4.236579e-08
4.236579e-08
4.068496e-08
3.855546e-08
3.612390e-08
3.352648e-08
3.087637e-08
2.825934e-08
2.573493e-08
2.334052e-08
9.180585e-09
1.053799e-08
1.200250e-08
1.357112e-08
1.525725e-08
1.707621e-08
1.904219e-08
1.904219e-08
2.116739e-08
2.346147e-08
2.593020e-08
2.857260e-08
3.137551e-08
3.430638e-08
3.730504e-08
4.027610e-08
4.308460e-08
4.555905e-08
4.750644e-08
4.874196e-08
4.912932e-08
4.861817e-08
4.725978e-08
4.725978e-08
4.519146e-08
4.259926e-08
3.967773e-08
3.660042e-08
3.350484e-08
3.048953e-08
2.761826e-08
2.492715e-08
9.546494e-09
1.097005e-08
1.251306e-08
1.417414e-08
1.596924e-08
1.791664e-08
2.003370e-08
2.003370e-08
2.233626e-08
2.483851e-08
2.755255e-08
3.048569e-08
3.363335e-08
3.696894e-08
4.043220e-08
4.391743e-08
4.726471e-08
5.025981e-08
5.265065e-08
5.418662e-08
5.467742e-08
5.405133e-08
5.238074e-08
5.238074e-08
4.985675e-08
4.673102e-08
4.325706e-08
3.965118e-08
3.607620e-08
3.264175e-08
2.941300e-08
2.642194e-08
9.865317e-09
1.134806e-08
1.296218e-08
1.470804e-08
1.660425e-08
1.867197e-08
2.093140e-08
2.093140e-08
2.340110e-08
2.609869e-08
2.904243e-08
3.225045e-08
3.573052e-08
3.946610e-08
4.340075e-08
4.742169e-08
5.134522e-08
5.491137e-08
5.779984e-08
5.967938e-08
6.029038e-08
5.953289e-08
5.750720e-08
5.750720e-08
5.447335e-08
5.076331e-08
4.669850e-08
4.254081e-08
3.847697e-08
3.462444e-08
3.104633e-08
2.776752e-08
1.012847e-08
1.166153e-08
1.333694e-08
1.515703e-08
1.714315e-08
1.931936e-08
2.170811e-08
2.170811e-08
2.432886e-08
2.719927e-08
3.034103e-08
3.378638e-08
3.755991e-08
4.165882e-08
4.603402e-08
5.056955e-08
5.506154e-08
5.920569e-08
6.260998e-08
6.485284e-08
6.559296e-08
6.469596e-08
6.229612e-08
6.229612e-08
5.873474e-08
5.443358e-08
4.978524e-08
4.509540e-08
4.057067e-08
3.633214e-08
3.243751e-08
2.890236e-08
1.032796e-08
1.190045e-08
1.362474e-08
1.550524e-08
1.756634e-08
1.983526e-08
2.233654e-08
2.233654e-08
2.508820e-08
2.810087e-08
3.139025e-08
3.501021e-08
3.900765e-08
4.339530e-08
4.813266e-08
5.310343e-08
5.808890e-08
6.274744e-08
6.662167e-08
6.920225e-08
7.006420e-08
6.903636e-08
6.628932e-08
6.628932e-08
6.224750e-08
5.741978e-08
5.226333e-08
4.712012e-08
4.221056e-08
3.765553e-08
3.350554e-08
2.976649e-08
1.045688e-08
1.205591e-08
1.381385e-08
1.573725e-08
1.785370e-08
2.019449e-08
2.278759e-08
2.278759e-08
2.564902e-08
2.877167e-08
3.213622e-08
3.584243e-08
3.996580e-08
4.453144e-08
4.950394e-08
5.476671e-08
6.009163e-08
6.511202e-08
6.932379e-08
7.215141e-08
7.310351e-08
7.197850e-08
6.897695e-08
6.897695e-08
6.458916e-08
5.938949e-08
5.388082e-08
4.842875e-08
4.326110e-08
3.849670e-08
3.417979e-08
3.030885e-08
1.051004e-08
1.212093e-08
1.389455e-08
1.583908e-08
1.798505e-08
2.036853e-08
2.302437e-08
2.302437e-08
2.597345e-08
2.918676e-08
3.252445e-08
3.621072e-08
4.034690e-08
4.495710e-08
5.000233e-08
5.536289e-08
6.080603e-08
6.595551e-08
7.028986e-08
7.320834e-08
7.419340e-08
7.303096e-08
6.993376e-08
6.993376e-08
6.541787e-08
6.008232e-08
5.444646e-08
4.888402e-08
4.362492e-08
3.878690e-08
3.441165e-08
3.049484e-08
1.048468e-08
1.209152e-08
1.386068e-08
1.580070e-08
1.794307e-08
2.032652e-08
2.299325e-08
2.299325e-08
2.598290e-08
2.928895e-08
3.247037e-08
3.604864e-08
4.009864e-08
4.462190e-08
4.956876e-08
5.481515e-08
6.012907e-08
6.514172e-08
6.934782e-08
7.217116e-08
7.311992e-08
7.199225e-08
6.898855e-08
6.898855e-08
6.459899e-08
5.939786e-08
5.388796e-08
4.843487e-08
4.326634e-08
3.850121e-08
3.418367e-08
3.031218e-08
1.038102e-08
1.196771e-08
1.371173e-08
1.562016e-08
1.772174e-08
2.005018e-08
2.263726e-08
2.263726e-08
2.549985e-08
2.860372e-08
3.180244e-08
3.531202e-08
3.922420e-08
4.355287e-08
4.825030e-08
5.319367e-08
5.815983e-08
6.280435e-08
6.666808e-08
6.924059e-08
7.009618e-08
6.906325e-08
6.631205e-08
6.631205e-08
6.226681e-08
5.743625e-08
5.227741e-08
4.713218e-08
4.222091e-08
3.766442e-08
3.351319e-08
2.977309e-08
1.038102e-08
1.196771e-08
1.371173e-08
1.562016e-08
1.772174e-08
2.005018e-08
2.263726e-08
2.263726e-08
2.549985e-08
2.860372e-08
3.180244e-08
3.531202e-08
3.922420e-08
4.355287e-08
4.825030e-08
5.319367e-08
5.815983e-08
6.280435e-08
6.666808e-08
6.924059e-08
7.009618e-08
6.906325e-08
6.631205e-08
6.631205e-08
6.226681e-08
5.743625e-08
5.227741e-08
4.713218e-08
4.222091e-08
3.766442e-08
3.351319e-08
2.977309e-08
1.020240e-08
1.175392e-08
1.345393e-08
1.530683e-08
1.733686e-08
1.957086e-08
2.203102e-08
2.203102e-08
2.472595e-08
2.763901e-08
3.073891e-08
3.411090e-08
3.781383e-08
4.185576e-08
4.618787e-08
5.069138e-08
5.515946e-08
5.928550e-08
6.267581e-08
6.490767e-08
6.563898e-08
6.473483e-08
6.232911e-08
6.232911e-08
5.876284e-08
5.445759e-08
4.980582e-08
4.511306e-08
4.058585e-08
3.634520e-08
3.244876e-08
2.891206e-08
9.954895e-09
1.145829e-08
1.309866e-08
1.487750e-08
1.681456e-08
1.893103e-08
2.124368e-08
2.124368e-08
2.376069e-08
2.648033e-08
2.940308e-08
3.256483e-08
3.599275e-08
3.968067e-08
4.357554e-08
4.756458e-08
5.146284e-08
5.500894e-08
5.788139e-08
5.974798e-08
6.034841e-08
5.958220e-08
5.754925e-08
5.754925e-08
5.450931e-08
5.079413e-08
4.672498e-08
4.256358e-08
3.849658e-08
3.464134e-08
3.106091e-08
2.778010e-08
9.646541e-09
1.109131e-08
1.266007e-08
1.435171e-08
1.618213e-08
1.816832e-08
2.032387e-08
2.032387e-08
2.265716e-08
2.517227e-08
2.787473e-08
3.077842e-08
3.388890e-08
3.718701e-08
4.061630e-08
4.407233e-08
4.739515e-08
5.036995e-08
5.274399e-08
5.426599e-08
5.474514e-08
5.410926e-08
5.243042e-08
5.243042e-08
4.989943e-08
4.676774e-08
4.328870e-08
3.967847e-08
3.609975e-08
3.266209e-08
2.943057e-08
2.643713e-08
9.286487e-09
1.066459e-08
1.215316e-08
1.374891e-08
1.546459e-08
1.731390e-08
1.930786e-08
1.930786e-08
2.145387e-08
2.375629e-08
2.621817e-08
2.884125e-08
3.161770e-08
3.451978e-08
3.749048e-08
4.043603e-08
4.322206e-08
4.567708e-08
4.760782e-08
4.882912e-08
4.920434e-08
4.868282e-08
4.731555e-08
4.731555e-08
4.523961e-08
4.264086e-08
3.971371e-08
3.663154e-08
3.353177e-08
3.051284e-08
2.763844e-08
2.494462e-08
8.884272e-09
1.018993e-08
1.159261e-08
1.308730e-08
1.468411e-08
1.639399e-08
1.822550e-08
1.822550e-08
2.018414e-08
2.227221e-08
2.448886e-08
2.682837e-08
2.927520e-08
3.179741e-08
3.434047e-08
3.682262e-08
3.913369e-08
4.113966e-08
4.269553e-08
4.366699e-08
4.395751e-08
4.353193e-08
4.242608e-08
4.242608e-08
4.073729e-08
3.860088e-08
3.616332e-08
3.356070e-08
3.090607e-08
2.828512e-08
2.575729e-08
2.335993e-08
8.449291e-09
9.678695e-09
1.099216e-08
1.238339e-08
1.386021e-08
1.543118e-08
1.710256e-08
1.710256e-08
1.887759e-08
2.075606e-08
2.273364e-08
2.480011e-08
2.693602e-08
2.910864e-08
3.126805e-08
3.334481e-08
3.525025e-08
3.688119e-08
3.813004e-08
3.890021e-08
3.912385e-08
3.877670e-08
3.788394e-08
3.788394e-08
3.651442e-08
3.476597e-08
3.274774e-08
3.056493e-08
2.830877e-08
2.605187e-08
2.384771e-08
2.173261e-08
7.990410e-09
9.141409e-09
1.036429e-08
1.165179e-08
1.300983e-08
1.444491e-08
1.596121e-08
1.596121e-08
1.755988e-08
1.923849e-08
2.099023e-08
2.280242e-08
2.465431e-08
2.651457e-08
2.833908e-08
3.007002e-08
3.163702e-08
3.296136e-08
3.396366e-08
3.457459e-08
3.474647e-08
3.446256e-08
3.374065e-08
3.374065e-08
3.262957e-08
3.119996e-08
2.953274e-08
2.770849e-08
2.579978e-08
2.386695e-08
2.195671e-08
2.010285e-08
7.515723e-09
8.587541e-09
9.720011e-09
1.090520e-08
1.214747e-08
1.345159e-08
1.482001e-08
1.482001e-08
1.625218e-08
1.774403e-08
1.928726e-08
2.086822e-08
2.246648e-08
2.405340e-08
2.559098e-08
2.703181e-08
2.832053e-08
2.939737e-08
3.020382e-08
3.069002e-08
3.082231e-08
3.058910e-08
3.000310e-08
3.000310e-08
2.909915e-08
2.792843e-08
2.655089e-08
2.502798e-08
2.341691e-08
2.176707e-08
2.011840e-08
1.850126e-08
1.364240e-08
1.520026e-08
1.685282e-08
1.857165e-08
2.034333e-08
2.215744e-08
2.400261e-08
2.400261e-08
2.586498e-08
2.772752e-08
2.956975e-08
3.136788e-08
3.309508e-08
3.472210e-08
3.621815e-08
3.755202e-08
3.869349e-08
3.961484e-08
4.029243e-08
4.070810e-08
4.085042e-08
4.071543e-08
4.030690e-08
4.030690e-08
3.963610e-08
3.872102e-08
3.758518e-08
3.625618e-08
3.476420e-08
3.314037e-08
3.141549e-08
2.961883e-08
1.520008e-08
1.709728e-08
1.905502e-08
2.106126e-08
2.311571e-08
2.521496e-08
2.735056e-08
2.735056e-08
2.950906e-08
3.167218e-08
3.381693e-08
3.591585e-08
3.793748e-08
3.984705e-08
4.160754e-08
4.318107e-08
4.453061e-08
4.562198e-08
4.642578e-08
4.691937e-08
4.708844e-08
4.692801e-08
4.644282e-08
4.644282e-08
4.564700e-08
4.456299e-08
4.322001e-08
4.165215e-08
3.989635e-08
3.799043e-08
3.597142e-08
3.387411e-08
1.685233e-08
1.905470e-08
2.131712e-08
2.362574e-08
2.598524e-08
2.839646e-08
3.085325e-08
3.085325e-08
3.334256e-08
3.584488e-08
3.833451e-08
4.077989e-08
4.314411e-08
4.538567e-08
4.745973e-08
4.931983e-08
5.092004e-08
5.221747e-08
5.317498e-08
5.376379e-08
5.396557e-08
5.377395e-08
5.319504e-08
5.319504e-08
5.224688e-08
5.095805e-08
4.936548e-08
4.751193e-08
4.544323e-08
4.320581e-08
4.084450e-08
3.840084e-08
1.857071e-08
2.106045e-08
2.362524e-08
2.624581e-08
2.892817e-08
3.167549e-08
3.448315e-08
3.448315e-08
3.733832e-08
4.022018e-08
4.310014e-08
4.594205e-08
4.870264e-08
5.133233e-08
5.377661e-08
5.597810e-08
5.787928e-08
5.942580e-08
6.057008e-08
6.127496e-08
6.151666e-08
6.128691e-08
6.059364e-08
6.059364e-08
5.946030e-08
5.792380e-08
5.603146e-08
5.383749e-08
5.139930e-08
4.877424e-08
4.601682e-08
4.317668e-08
2.034179e-08
2.311425e-08
2.598404e-08
2.892745e-08
3.195112e-08
3.505997e-08
3.825064e-08
3.825064e-08
4.151054e-08
4.481759e-08
4.814018e-08
5.143714e-08
5.465788e-08
5.774320e-08
6.062665e-08
6.323706e-08
6.550184e-08
6.735146e-08
6.872431e-08
6.957177e-08
6.986258e-08
6.958581e-08
6.875196e-08
6.875196e-08
6.739190e-08
6.555391e-08
6.329932e-08
6.069750e-08
5.782089e-08
5.474069e-08
5.152333e-08
4.822814e-08
2.215513e-08
2.521265e-08
2.839434e-08
3.167380e-08
3.505897e-08
3.855680e-08
4.216561e-08
4.216561e-08
4.587339e-08
4.965717e-08
5.348245e-08
5.730273e-08
6.105924e-08
6.468141e-08
6.808825e-08
7.119111e-08
7.389796e-08
7.611904e-08
7.777378e-08
7.879785e-08
7.914957e-08
7.881435e-08
7.780623e-08
7.780623e-08
7.616643e-08
7.395882e-08
7.126370e-08
6.817056e-08
6.477137e-08
6.115477e-08
5.740180e-08
5.358317e-08
2.399937e-08
2.734719e-08
3.084998e-08
3.448022e-08
3.824835e-08
4.216428e-08
4.622885e-08
4.622885e-08
5.043152e-08
5.474921e-08
5.914506e-08
6.356728e-08
6.794822e-08
7.220420e-08
7.623665e-08
7.993505e-08
8.318209e-08
8.586124e-08
8.786606e-08
8.911055e-08
8.953845e-08
8.912997e-08
8.790421e-08
8.790421e-08
8.591682e-08
8.325328e-08
8.001964e-08
7.633222e-08
7.230823e-08
6.805821e-08
6.368086e-08
5.926004e-08
2.399937e-08
2.734719e-08
3.084998e-08
3.448022e-08
3.824835e-08
4.216428e-08
4.622885e-08
4.622885e-08
5.043152e-08
5.474921e-08
5.914506e-08
6.356728e-08
6.794822e-08
7.220420e-08
7.623665e-08
7.993505e-08
8.318209e-08
8.586124e-08
8.786606e-08
8.911055e-08
8.953845e-08
8.912997e-08
8.790421e-08
8.790421e-08
8.591682e-08
8.325328e-08
8.001964e-08
7.633222e-08
7.230823e-08
6.805821e-08
6.368086e-08
5.926004e-08
2.586061e-08
2.950443e-08
3.333788e-08
3.733386e-08
4.150661e-08
4.587035e-08
5.042977e-08
5.042977e-08
5.517721e-08
6.009078e-08
6.513239e-08
7.024555e-08
7.535342e-08
8.035766e-08
8.513880e-08
8.955913e-08
9.346881e-08
9.671558e-08
9.915780e-08
1.006792e-07
1.012031e-07
1.007021e-07
9.920274e-08
9.920274e-08
9.678088e-08
9.355216e-08
8.965778e-08
8.524974e-08
8.047783e-08
7.547985e-08
7.037545e-08
6.526327e-08
2.772183e-08
3.166606e-08
3.583853e-08
4.021389e-08
4.481168e-08
4.965202e-08
5.474525e-08
5.474525e-08
6.008852e-08
6.566316e-08
7.143167e-08
7.733430e-08
8.328548e-08
8.917106e-08
9.484733e-08
1.001433e-07
1.048673e-07
1.088199e-07
1.118111e-07
1.136824e-07
1.143278e-07
1.137096e-07
1.118642e-07
1.118642e-07
1.088968e-07
1.049651e-07
1.002584e-07
9.497613e-08
8.930977e-08
8.343058e-08
7.748255e-08
7.158021e-08
2.956255e-08
3.380908e-08
3.832623e-08
4.309171e-08
4.813193e-08
5.347477e-08
5.913841e-08
5.913841e-08
6.512730e-08
7.142878e-08
7.800879e-08
8.480677e-08
9.173002e-08
9.864840e-08
1.053910e-07
1.117468e-07
1.174714e-07
1.223026e-07
1.259846e-07
1.282997e-07
1.290998e-07
1.283320e-07
1.260478e-07
1.260478e-07
1.223936e-07
1.175864e-07
1.118814e-07
1.055406e-07
9.880842e-08
9.189627e-08
8.497553e-08
7.817683e-08
3.135898e-08
3.590605e-08
4.076941e-08
4.593115e-08
5.142615e-08
5.729206e-08
6.355741e-08
6.355741e-08
7.023703e-08
7.732781e-08
8.480308e-08
9.260540e-08
1.006381e-07
1.087563e-07
1.167602e-07
1.243918e-07
1.313411e-07
1.372641e-07
1.418154e-07
1.446937e-07
1.456911e-07
1.447325e-07
1.418908e-07
1.418908e-07
1.373723e-07
1.314770e-07
1.245496e-07
1.169341e-07
1.089408e-07
1.008282e-07
9.279697e-08
8.499253e-08
3.308429e-08
3.792551e-08
4.313115e-08
4.868895e-08
5.464379e-08
6.104513e-08
6.793458e-08
6.793458e-08
7.534083e-08
8.327464e-08
9.172176e-08
1.006334e-07
1.099139e-07
1.194078e-07
1.288859e-07
1.380380e-07
1.464743e-07
1.537455e-07
1.593856e-07
1.629769e-07
1.642254e-07
1.630238e-07
1.594765e-07
1.594765e-07
1.538750e-07
1.466355e-07
1.382234e-07
1.290882e-07
1.196203e-07
1.101310e-07
1.008501e-07
9.193447e-08
3.470926e-08
3.983271e-08
4.536999e-08
5.131556e-08
5.772562e-08
6.466342e-08
7.218626e-08
7.218626e-08
8.034035e-08
8.915508e-08
9.863464e-08
1.087458e-07
1.194018e-07
1.304424e-07
1.416132e-07
1.525480e-07
1.627637e-07
1.716792e-07
1.786689e-07
1.831548e-07
1.847206e-07
1.832124e-07
1.787797e-07
1.787797e-07
1.718355e-07
1.629561e-07
1.527666e-07
1.418488e-07
1.306870e-07
1.196488e-07
1.089901e-07
9.887230e-08
3.620310e-08
4.159064e-08
4.744111e-08
5.375648e-08
6.060527e-08
6.806595e-08
7.621388e-08
7.621388e-08
8.511611e-08
9.482542e-08
1.053708e-07
1.167427e-07
1.288725e-07
1.416055e-07
1.546691e-07
1.676426e-07
1.799389e-07
1.908178e-07
1.994490e-07
2.050382e-07
2.069986e-07
2.051099e-07
1.995859e-07
1.995859e-07
1.910086e-07
1.801702e-07
1.679012e-07
1.549436e-07
1.418865e-07
1.291527e-07
1.170167e-07
1.056348e-07
3.753466e-08
4.316148e-08
4.929810e-08
5.595438e-08
6.321157e-08
7.116415e-08
7.990698e-08
7.990698e-08
8.953047e-08
1.001147e-07
1.117191e-07
1.243660e-07
1.380156e-07
1.525307e-07
1.676326e-07
1.828532e-07
1.974979e-07
2.106439e-07
2.212095e-07
2.281201e-07
2.305582e-07
2.282113e-07
2.213816e-07
2.213816e-07
2.108797e-07
1.977781e-07
1.831602e-07
1.679522e-07
1.528524e-07
1.383318e-07
1.246714e-07
1.120102e-07
3.867375e-08
4.450825e-08
5.089507e-08
5.785182e-08
6.547204e-08
7.386603e-08
8.314835e-08
8.314835e-08
9.343366e-08
1.048313e-07
1.174353e-07
1.313059e-07
1.464414e-07
1.627348e-07
1.799163e-07
1.974847e-07
2.146433e-07
2.302756e-07
2.430101e-07
2.514294e-07
2.544203e-07
2.515481e-07
2.432308e-07
2.432308e-07
2.305710e-07
2.149853e-07
1.978497e-07
1.802876e-07
1.631011e-07
1.467955e-07
1.316434e-07
1.177535e-07
3.959270e-08
4.559679e-08
5.218920e-08
5.939450e-08
6.731721e-08
7.608196e-08
8.582154e-08
8.582154e-08
9.667356e-08
1.087760e-07
1.222574e-07
1.372184e-07
1.537006e-07
1.716366e-07
1.907798e-07
2.106137e-07
2.302574e-07
2.484081e-07
2.633914e-07
2.734070e-07
2.769934e-07
2.735658e-07
2.636812e-07
2.636812e-07
2.487837e-07
2.306771e-07
2.110472e-07
1.912086e-07
1.720501e-07
1.540932e-07
1.375874e-07
1.226014e-07
4.026790e-08
4.639779e-08
5.314344e-08
6.053495e-08
6.868558e-08
7.773149e-08
8.782030e-08
8.782030e-08
9.910870e-08
1.117589e-07
1.259298e-07
1.417584e-07
1.593275e-07
1.786108e-07
1.993929e-07
2.211583e-07
2.429680e-07
2.633654e-07
2.804022e-07
2.919073e-07
2.960636e-07
2.921253e-07
2.807917e-07
2.807917e-07
2.638482e-07
2.434828e-07
2.216692e-07
1.998823e-07
1.790714e-07
1.597567e-07
1.421562e-07
1.262968e-07
4.068128e-08
4.688868e-08
5.372906e-08
6.123610e-08
6.952868e-08
7.875044e-08
8.905878e-08
8.905878e-08
1.006231e-07
1.136219e-07
1.282350e-07
1.446251e-07
1.629048e-07
1.830800e-07
2.049618e-07
2.280442e-07
2.513575e-07
2.733455e-07
2.918672e-07
3.044748e-07
3.090715e-07
3.047782e-07
2.924011e-07
2.924011e-07
2.739663e-07
2.519809e-07
2.286347e-07
2.055086e-07
1.835823e-07
1.633651e-07
1.450465e-07
1.286204e-07
4.082144e-08
4.705521e-08
5.392784e-08
6.147427e-08
6.981534e-08
7.909730e-08
8.948094e-08
8.948094e-08
1.011401e-07
1.142593e-07
1.290256e-07
1.456110e-07
1.641394e-07
1.846287e-07
2.069010e-07
2.304554e-07
2.543140e-07
2.768872e-07
2.959664e-07
3.090027e-07
3.137954e-07
3.094167e-07
2.967021e-07
2.967021e-07
2.776654e-07
2.550410e-07
2.311125e-07
2.074916e-07
1.851608e-07
1.646209e-07
1.460480e-07
1.294229e-07
4.068448e-08
4.689245e-08
5.373350e-08
6.124130e-08
6.953479e-08
7.875761e-08
8.906720e-08
8.906720e-08
1.006330e-07
1.136337e-07
1.282489e-07
1.446417e-07
1.629248e-07
1.831043e-07
2.049919e-07
2.280821e-07
2.514064e-07
2.734108e-07
2.919582e-07
3.046083e-07
3.092785e-07
3.051133e-07
2.929194e-07
2.929194e-07
2.743014e-07
2.521879e-07
2.287682e-07
2.055997e-07
1.836476e-07
1.634139e-07
1.450842e-07
1.286504e-07
4.027423e-08
4.640524e-08
5.315220e-08
6.054522e-08
6.869763e-08
7.774561e-08
8.783686e-08
8.783686e-08
9.912818e-08
1.117819e-07
1.259570e-07
1.417908e-07
1.593663e-07
1.786578e-07
1.994504e-07
2.212300e-07
2.430592e-07
2.634841e-07
2.805610e-07
2.921253e-07
2.963670e-07
2.925393e-07
2.812966e-07
2.812966e-07
2.642622e-07
2.437862e-07
2.218870e-07
2.000410e-07
1.791899e-07
1.598477e-07
1.422278e-07
1.263542e-07
4.027423e-08
4.640524e-08
5.315220e-08
6.054522e-08
6.869763e-08
7.774561e-08
8.783686e-08
8.783686e-08
9.912818e-08
1.117819e-07
1.259570e-07
1.417908e-07
1.593663e-07
1.786578e-07
1.994504e-07
2.212300e-07
2.430592e-07
2.634841e-07
2.805610e-07
2.921253e-07
2.963670e-07
2.925393e-07
2.812966e-07
2.812966e-07
2.642622e-07
2.437862e-07
2.218870e-07
2.000410e-07
1.791899e-07
1.598477e-07
1.422278e-07
1.263542e-07
3.960200e-08
4.560773e-08
5.220205e-08
5.940956e-08
6.733484e-08
7.610260e-08
8.584571e-08
8.584571e-08
9.670191e-08
1.088093e-07
1.222967e-07
1.372650e-07
1.537561e-07
1.717032e-07
1.908606e-07
2.107127e-07
2.303806e-07
2.485635e-07
2.635902e-07
2.736630e-07
2.773203e-07
2.739664e-07
2.641240e-07
2.641240e-07
2.491843e-07
2.310039e-07
2.113031e-07
1.914073e-07
1.722054e-07
1.542162e-07
1.376862e-07
1.226819e-07
3.868581e-08
4.452242e-08
5.091170e-08
5.787128e-08
6.549478e-08
7.389259e-08
8.317938e-08
8.317938e-08
9.346994e-08
1.048738e-07
1.174852e-07
1.313647e-07
1.465109e-07
1.628174e-07
1.800151e-07
1.976038e-07
2.147880e-07
2.304524e-07
2.432270e-07
2.516943e-07
2.547378e-07
2.519122e-07
2.436164e-07
2.436164e-07
2.309352e-07
2.153027e-07
1.981145e-07
1.805044e-07
1.632777e-07
1.469399e-07
1.317623e-07
1.178520e-07
3.754921e-08
4.317855e-08
4.931810e-08
5.597775e-08
6.323882e-08
7.119589e-08
7.994395e-08
7.994395e-08
8.957355e-08
1.001649e-07
1.117777e-07
1.244347e-07
1.380961e-07
1.526254e-07
1.677443e-07
1.829855e-07
1.976550e-07
2.108305e-07
2.214305e-07
2.283790e-07
2.308547e-07
2.285377e-07
2.217202e-07
2.217202e-07
2.112061e-07
1.980745e-07
1.834189e-07
1.681729e-07
1.530387e-07
1.384885e-07
1.248034e-07
1.121215e-07
3.621981e-08
4.161023e-08
4.746402e-08
5.378318e-08
6.063634e-08
6.810204e-08
7.625577e-08
7.625577e-08
8.516472e-08
9.488183e-08
1.054362e-07
1.168187e-07
1.289610e-07
1.417085e-07
1.547890e-07
1.677822e-07
1.801013e-07
1.910061e-07
1.996657e-07
2.052842e-07
2.072716e-07
2.054028e-07
1.998863e-07
1.998863e-07
1.913015e-07
1.804431e-07
1.681470e-07
1.551601e-07
1.420745e-07
1.293148e-07
1.171559e-07
1.057541e-07
3.472777e-08
3.985439e-08
4.539530e-08
5.134500e-08
5.775978e-08
6.470297e-08
7.223200e-08
7.223200e-08
8.039319e-08
8.921610e-08
9.870504e-08
1.088270e-07
1.194954e-07
1.305502e-07
1.417372e-07
1.526903e-07
1.629264e-07
1.718640e-07
1.788769e-07
1.833854e-07
1.849709e-07
1.834765e-07
1.790488e-07
1.790488e-07
1.720996e-07
1.632063e-07
1.529970e-07
1.420565e-07
1.308715e-07
1.198111e-07
1.091320e-07
9.899574e-08
3.310425e-08
3.794884e-08
4.315834e-08
4.872051e-08
5.468029e-08
6.108726e-08
6.798311e-08
6.798311e-08
7.539665e-08
8.333875e-08
9.179530e-08
1.007176e-07
1.100102e-07
1.195176e-07
1.290108e-07
1.381795e-07
1.466337e-07
1.539236e-07
1.595825e-07
1.631914e-07
1.644547e-07
1.632631e-07
1.597193e-07
1.597193e-07
1.541142e-07
1.468647e-07
1.384378e-07
1.292849e-07
1.197981e-07
1.102899e-07
1.009911e-07
9.205875e-08
3.138000e-08
3.593059e-08
4.079794e-08
4.596418e-08
5.146425e-08
5.733588e-08
6.360769e-08
6.360769e-08
7.029461e-08
7.739361e-08
8.487810e-08
9.269074e-08
1.007349e-07
1.088658e-07
1.168834e-07
1.245298e-07
1.314947e-07
1.374335e-07
1.420001e-07
1.448924e-07
1.459011e-07
1.449498e-07
1.421108e-07
1.421108e-07
1.375896e-07
1.316868e-07
1.247480e-07
1.171185e-07
1.091098e-07
1.009814e-07
9.293448e-08
8.511513e-08
2.958427e-08
3.383438e-08
3.835559e-08
4.312561e-08
4.817091e-08
5.351946e-08
5.918949e-08
5.918949e-08
6.518554e-08
7.149499e-08
7.808386e-08
8.489163e-08
9.182561e-08
9.875562e-08
1.055107e-07
1.118795e-07
1.176176e-07
1.224621e-07
1.261568e-07
1.284829e-07
1.292919e-07
1.285298e-07
1.262475e-07
1.262475e-07
1.225913e-07
1.177784e-07
1.120645e-07
1.057124e-07
9.896754e-08
9.204198e-08
8.510771e-08
7.829581e-08
